2.687085534157035993e-01
-5.857154781439504188e-01
-1.820034363772451425e-01
-6.967867263632165908e-02
8.666931340239786286e-02
-6.958142555399110529e-01
-6.256371811546346251e-01
2.846503905772400089e-01
-3.986042721318394655e-02
-2.579209145942237269e-01
8.861841257090236068e-01
-9.315700371776646227e-01
4.646021971112289095e-01
-5.565262410614039146e-01
7.100109469192155132e-01
-5.783703150909118573e-01
-1.649745945427503746e-01
9.292700120906322026e-01
2.360162952953124282e-01
-1.004817263138084504e+00
8.309940025335859071e-01
6.743889286317602538e-01
-6.733248110231113692e-01
9.307238706065101841e-01
2.184196636958089244e-01
7.175601977970078593e-01
-6.932889303066549491e-01
-8.435577026135742118e-01
5.067839449909851135e-01
9.299852477343503176e-01
1.002520829218694454e+00
1.925115589535539018e-01
1.579019314078477371e-02
-8.713998891157916926e-01
8.383187921162565948e-01
5.244898403427539213e-01
2.109757614569416073e-01
-4.064000063929740780e-01
6.618422226012991016e-01
8.900376005467761642e-01
3.834131368325123801e-01
-4.707294497700351132e-01
-5.096055875734551988e-01
4.168114032047846029e-01
9.297986326430187631e-01
-7.555968745788790297e-01
3.568804337424371642e-01
-1.378111200471076325e-01
6.942468742859162489e-01
-3.695330915044008346e-01
-8.034056994664000584e-01
-6.830381705495951472e-01
-7.695603283724873345e-01
-5.232150830594040070e-02
-1.435301489791590557e-01
6.309437641209726388e-01
-6.876712254313748218e-01
-2.777575158034933933e-02
6.588319057684703939e-01
-1.964890411245552027e-01
-2.627295047972007525e-01
-8.672490843388179771e-01
-2.549586101086834256e-01
4.796779400299758245e-01
4.943400370194591664e-01
-1.100293547473316647e-01
8.482515424943566362e-01
-1.603635157179703896e-01
8.253208944403530589e-01
8.181168685139785790e-01
1.210117679030326132e-01
-1.185483742000687096e-01
-3.254869378043569877e-02
2.294190818017658728e-01
4.650319765862351296e-01
-3.701008386382693138e-01
4.738448328596088222e-01
6.638775441779724007e-01
-8.844374854671800679e-03
9.059660229320901648e-01
-5.010725822080259739e-01
6.639978056090803937e-01
1.040050461992353181e+00
2.064998901076152971e-01
-5.576821247472148885e-02
6.514082169934994893e-01
-1.008585884024372076e-01
4.422564274226135073e-01
-3.250660213592097003e-01
-4.110761321287559333e-02
-3.495723792677560837e-01
2.805840049020003057e-01
-4.353307671011991675e-01
5.581499907164193530e-01
8.773994059729202100e-01
-9.939616738701676502e-01
-7.773495241012383650e-01
-4.451994209524902657e-01
7.403695287815447168e-01
-3.877682596627821110e-01
7.109539502363783070e-01
-4.229867164976057747e-01
1.304335345434187166e-01
7.556699406439629785e-01
9.749105685690505618e-01
3.787612691288715361e-01
4.700499993617163752e-01
3.623449625022631682e-01
7.530803380822035376e-01
-8.957237205746890751e-01
-8.173366518508043965e-01
5.473746317296941388e-01
3.817738564711086746e-01
-3.251366891091733713e-01
5.019144415357612576e-01
-3.394692724353118307e-02
9.415932083611638914e-01
-2.983526852786188011e-01
-8.940239510739902418e-01
-9.338096662793893277e-01
7.250246786733249849e-02
7.429238936782254221e-01
-4.572086128696179474e-01
3.666559530827321889e-01
2.656479621805654112e-01
1.033456650012120726e+00
5.474374616798550752e-01
-1.703089815776736848e-01
-5.702057493370098484e-01
-1.171279957598127253e-01
7.902903637388749569e-01
1.293988564907408434e-01
-6.537070954951669233e-01
1.331896653672283160e-01
-4.816956266802068787e-01
-6.475772014708255364e-01
-7.303252122199930252e-01
-5.123237559963893517e-01
4.592236385988333058e-01
1.968380694555201815e-01
2.588883518365353020e-01
4.381172498208131261e-01
-1.046028017212348865e-01
-6.759007256834290711e-01
-3.306655891014143034e-01
-4.499427671106212556e-01
-1.756053463966168737e-01
-7.213186762170659128e-01
5.240278469077149781e-01
-8.462568773291223589e-01
-8.328199387693223654e-01
-5.000935686156449123e-01
1.655054213900386539e-01
7.278354283227066457e-01
-7.776723490768262526e-01
8.835166733114370174e-01
3.933309387073428143e-01
6.206786399878545524e-01
8.147992938789346828e-01
2.285025422280893836e-01
-7.891753388296245397e-01
-1.738238877149659301e-01
5.663712130698694835e-02
6.522629511986498541e-01
7.936508003787137167e-01
-8.535642177727029711e-01
2.573626489939931372e-01
-1.349934811820304170e-01
-8.714844097415889168e-01
-1.405741412250681444e-01
7.781693363100571359e-01
-1.003014803908328645e+00
2.552899180149576508e-01
-1.858960419623811866e-01
6.641235522755154497e-01
1.240087141102055313e-01
-2.041921592173475686e-01
-4.348015859866384836e-01
-4.574856016936568737e-01
-5.112629148000134016e-01
9.179139414335080183e-01
6.380856842019051456e-01
-3.202287349455121279e-01
-8.011208544364545325e-01
-9.372123617351870717e-01
-5.957229783946341728e-01
-1.014583273269947572e+00
8.145374116426293831e-01
-6.162117897020986668e-01
2.943049589600003624e-01
1.265325681350694675e-01
-5.980322530997218555e-01
-2.067885112428471950e-01
8.188050685317903588e-01
1.456828506100227294e-01
6.598384055178483365e-01
2.025007330441012388e-01
-5.706488556894075970e-01
7.773406157482467549e-01
-6.427541491874722013e-01
-3.450223324438844164e-01
-4.397115779462055785e-01
9.425705923013628640e-01
-7.402752599557903546e-01
-6.481026033464869496e-01
-5.234126509298835384e-01
-6.670190578302680473e-01
7.905074929623241708e-02
-3.077356664640795159e-01
-7.099157799260691348e-01
3.069248645934917197e-01
8.862031207486090745e-01
7.129093453249064627e-01
-9.041022367196328569e-01
-4.158284582165756027e-01
2.712684843462623840e-01
4.111411394175068512e-01
-3.691218479357415982e-01
4.215737229077978210e-01
7.220499288527978399e-01
7.220541079354350078e-01
5.340185047935090967e-01
-2.479058372407825228e-01
-2.795424659645018295e-02
-3.579236038510536511e-01
-2.075994690614875460e-01
8.134031916228422476e-01
-7.478450543195017675e-01
-2.171202717599548249e-01
-1.186860111620785529e-01
6.821109603972883573e-01
-1.463157720910397419e-01
7.940468204259185647e-01
-3.438860064951259621e-01
-5.964687621131228301e-01
-8.620555350181601240e-01
9.598390131759171329e-02
-1.813923207442695862e-01
-1.899608056920523425e-01
-5.240662113953122869e-01
7.460692793519108079e-01
-1.184904805447369730e-01
-5.268638898395437975e-01
-1.130527421876047905e-02
6.327119440273405448e-01
5.875027335600829792e-02
-5.985022970283792043e-01
5.833193222925372456e-01
6.047591412313664261e-01
-2.304901617115067969e-01
6.403255235757361330e-01
7.223603152565327701e-01
3.126014271100898134e-01
-4.152218092705961539e-01
-8.192718285390254707e-01
8.520202379196194498e-01
4.646211455588123984e-01
2.069833113264741564e-01
7.809352913007311381e-01
-3.320490710984609350e-01
5.618337564220069469e-01
5.151815742692240629e-01
9.428668985550672788e-02
-5.104964987988729747e-02
8.436590512448894907e-01
6.440664033418149748e-01
-9.419469988203743593e-01
-3.913278145555111887e-01
-4.932057142740344235e-01
-2.416245760393302133e-01
7.245378927742512909e-01
1.205573475385500332e-01
-3.241615917150015291e-01
-6.148477792874309511e-01
8.709753900711618702e-01
-4.949280416931014365e-02
9.171493799185993501e-01
5.257964226811534525e-01
6.597115674895406290e-01
-8.903340901440592869e-01
-7.791179445750660015e-01
1.574550515324431577e-01
-4.615210562319514431e-01
7.422171287327598010e-01
-9.199549607569923459e-02
-3.943057551873894728e-01
3.646510632982923883e-01
-5.560106555464123801e-01
-3.371784651391180887e-01
-7.681287264302839590e-01
-4.217982110353531988e-01
-6.202033512549899319e-01
-3.958903650838056509e-01
8.431719465895191057e-01
5.417614456613776275e-01
5.899229668540092453e-01
3.972094961973888227e-01
6.088881412988454978e-01
5.573848246329817790e-01
-1.522436098769561763e-01
5.298187776073396416e-01
5.097062473052160758e-01
6.503816363937464651e-02
-7.641051446216865495e-01
4.129662232268713762e-01
6.735171665384872552e-01
2.345426121831819810e-01
-9.455493416364814108e-01
4.919125068801360467e-01
4.597123029881857725e-01
-3.752277565785325786e-01
-4.635999432131990283e-01
4.888227405820587124e-01
1.544619861299796615e-01
-1.975168217515437807e-01
-9.836497675060774659e-01
-6.600605372947894178e-01
1.189576435588734077e-01
-9.324668866468812656e-01
1.986644660482847491e-01
-6.093179990174156790e-01
3.133220347683337015e-01
-5.858420946801086160e-01
-2.333374015864186912e-01
-6.589233343583539293e-02
2.023746088405855570e-01
9.750088359677052674e-01
1.098218802495190549e-01
3.144945837062199656e-01
2.567591672745836440e-01
9.696788934298019580e-01
3.736583233071451016e-01
6.538260932315880236e-01
5.523446407391078283e-01
-1.061650565620814168e-01
-9.956623498363337266e-01
3.956327156047246274e-01
-7.337236382507347221e-01
-2.268224751084810531e-01
5.118438901977245825e-01
-1.753457340613588100e-01
-1.535974850648337275e-01
5.158543366758762128e-01
-8.514826803547744793e-01
2.361405652063005844e-01
-6.167018332514562218e-01
-6.069291123787500242e-01
-7.101752152960030262e-01
-5.186324834981803633e-01
6.221818211413998601e-01
-5.312592668713259636e-01
-2.534104677451408660e-01
-6.304468526506972204e-01
-7.929706791850660297e-01
9.024318690483414951e-01
-9.682601116263557239e-01
7.061562286971821978e-01
-2.344020719173508516e-01
-6.631621242033099994e-01
-3.020810519813419415e-01
-4.491730753822271716e-01
-2.528602251518867194e-01
-9.715276523468547865e-01
1.748977477693499649e-01
9.757583862007868092e-01
2.333794996320751394e-02
-6.494203280517669707e-01
-4.047138912982062853e-01
-6.464994804014921881e-01
2.500927605213583704e-01
-1.132618386510738234e-01
9.522352660808629521e-01
7.426415551614561350e-01
-3.104433942760316811e-01
7.893951159516638949e-01
-2.695481351917634605e-01
-5.635230664630528352e-01
-2.419880462634205198e-01
-5.709847789643938132e-01
3.566527502184467791e-01
8.464921134160181548e-01
3.890059026620888705e-02
5.840733128472103131e-01
-8.684874482386493177e-01
9.119540616623941220e-01
4.574102626965143581e-01
5.989505445003091566e-01
-9.088814974628215415e-01
-7.653148273868803919e-02
-8.505137088193217565e-01
5.261046053046214421e-01
2.830984777264026753e-01
4.446985217718473216e-01
-7.167060703074366046e-01
-2.093564481637324726e-01
-8.036584116842466763e-01
4.941844912710128823e-01
-5.169620619081136681e-01
9.584183560224148746e-01
2.550355955238928218e-01
4.083472179845287764e-01
-7.810435347124590200e-01
-5.247816816711803334e-01
-6.393506656701885005e-01
5.107381450647218157e-01
-1.512740566181287188e-02
9.310484878851446600e-02
-5.834271342017741668e-01
-4.753154908556195268e-01
-2.273957268809294607e-01
-5.571632024900756708e-01
6.692470601921127749e-01
9.922930028961686189e-01
7.611642753011174101e-01
-6.877089682676585936e-01
-1.815463320606739428e-01
-9.020211436243259495e-01
-2.863187415890219301e-01
7.736683915912028198e-01
2.424503908724615908e-01
9.339686164442098648e-02
-2.264904586236251433e-02
5.903199781338469565e-01
5.247129580081144606e-01
-8.947806072465893656e-01
-8.858244619258490715e-01
1.342690643513304860e-01
4.978331123667709690e-01
-4.946284429269526273e-01
-3.624735320367342140e-01
-4.644479646775959703e-01
8.957972091016939142e-01
6.720104569043147125e-01
6.421477365639287616e-01
-5.185234608190043143e-02
7.290821230757640325e-01
-9.706619856332566743e-01
2.613385499726959549e-01
2.231708627306498993e-01
4.448439533259951895e-01
-9.024049433619321103e-01
6.310434859389534301e-01
-1.953149467970709541e-01
7.895388527897904130e-01
-1.161922404215381538e-01
8.909037662591554607e-01
-4.501384275726773021e-01
-7.882960556930627138e-01
-9.930575723801612353e-01
8.433638857183668458e-01
2.236422706163206445e-02
-6.634316529877554158e-01
1.063921517613295453e-01
5.740527876045102840e-01
-1.078583138917944773e+00
-7.706943023601767750e-01
4.360543834814304409e-01
6.917297318495298220e-02
8.535998436797557209e-01
1.918620838487851143e-01
-7.479274819953417586e-01
-9.967653366931035208e-01
-2.674062342573222187e-02
5.050729644405292929e-01
9.726104512584825557e-01
1.251819558889737394e-01
5.421416031260452018e-01
-7.147915081703861695e-01
3.426960369208738033e-01
6.728453631171734672e-01
-3.844511873300244797e-01
-1.291030493884417207e-01
5.754309607306858920e-01
5.300941869939373996e-02
5.426412211788533835e-01
7.089966821493398630e-01
6.942707792964513125e-01
-6.477109755837846816e-02
4.048980355201346470e-01
3.089408807645772637e-01
3.529577662198702948e-01
-1.968702725081279414e-01
-1.033361406855613368e-01
-7.906687693938904693e-02
-7.261494793210397924e-01
4.203929063007029177e-01
-5.225630835503525251e-02
-5.126190322521607945e-02
-5.872084990270187710e-02
-9.129404820823019406e-01
7.649150944585961787e-01
3.465133270615224914e-01
4.176639275892877756e-01
-8.651006511673032806e-01
-1.531488192553877303e-01
7.450534985977075308e-01
-8.938027549265595839e-01
-8.445881632459582011e-01
-8.237714377575635627e-01
-5.913833799481263975e-01
-8.138491420539180066e-01
-2.404566928033655127e-01
5.209321676249011324e-01
-9.127807610697377116e-01
-3.063860809931162055e-01
-9.247621220885371418e-01
-6.895277979098336507e-01
9.948376800314729929e-01
-9.019090520447441417e-01
-6.074127452890374368e-01
-4.395806003293252773e-01
-7.606570894344117928e-01
5.559510593157895864e-01
-2.278458135851448713e-02
7.641607896810047595e-01
7.057017682013582149e-01
4.266602476830075319e-02
7.258506725170255081e-01
-2.591815710521684357e-01
2.627472868119338223e-01
7.326921522425959843e-01
-1.576864152944235445e-02
1.291062269222468528e-01
9.545228830627893180e-01
-6.746628298079506703e-01
6.181045522093790538e-03
-6.623620365334449700e-02
-9.388090983428978298e-01
-4.077635424911758566e-01
8.431556580898531550e-01
2.631695022712318144e-01
-2.533372749336089136e-01
5.794277410788616078e-02
-3.129772319892806243e-01
5.198454980310573958e-01
-7.144688193756419947e-01
-3.462404471193420985e-01
-4.500470169447747804e-01
1.685352087655596076e-01
5.110903192684049939e-02
-7.376442156977652820e-01
-4.103868276012516136e-01
-6.706229705920235817e-01
-2.685067264332773318e-01
-4.714285067454363487e-01
-2.292133060104060704e-01
3.193200820641157733e-01
-8.613575846589870411e-01
-6.870168778790685105e-01
-2.427258624610498794e-01
-3.080225526894013188e-01
5.117578424208072407e-01
4.962545426386669734e-01
-7.880351975182027235e-01
3.526122165323249957e-01
-3.542882851427368029e-01
-1.006086366247423980e+00
4.158313551878465436e-02
5.576574670143111812e-01
5.738200677048205245e-01
7.043953097545736508e-01
-1.246510770422057206e-02
4.311755610378449344e-01
-9.320542376813243379e-01
-3.720245142880295175e-01
-1.246670431462974793e-01
6.761348155558376538e-01
6.610913308532784249e-01
7.648972158385235476e-01
2.929791700748938243e-01
9.653734338260302472e-01
1.785022860394738231e-01
1.834904641247619428e-01
-9.649178474332639199e-01
7.527717167022838218e-01
8.465857055609353754e-01
6.737003894965669648e-01
7.439635181015862297e-01
-6.570330736377141267e-01
4.500074379052919349e-02
-4.054817154079070063e-01
2.419323994139783718e-01
4.171172851054581049e-02
-1.289896971518809665e-01
-2.607043069422638748e-01
3.252568599439594754e-01
-7.917324111408854392e-01
1.570216561980531944e-01
-6.414997467132425024e-01
-5.635801883249520750e-02
2.581955804355793305e-01
-3.209033668972715025e-01
7.480350399363565606e-01
1.014785652296633867e+00
-7.185194146014807215e-01
-4.269694101141857101e-01
-2.355663866759250269e-01
6.063322714720092987e-01
1.095273177806008080e+00
5.151837797113200113e-01
7.040532169887747660e-02
2.072956315354756163e-01
-5.029457322022026777e-02
-2.915685029987646892e-02
-5.983616647571770031e-01
-7.823670285737878149e-01
-1.380032118059894841e-01
6.554923490584816381e-01
3.290989103616650396e-02
-8.806888427457535418e-01
5.868771755553892078e-03
6.241836220475563968e-01
9.845983683826704524e-01
6.866134066029547789e-01
6.575957137097314664e-01
5.639323819321414577e-01
9.347226322448888292e-01
2.866855058072663720e-01
5.799743252933312609e-01
-9.139278897795612144e-02
6.121768873114447063e-01
-4.581691319276448016e-01
2.411264607090618239e-01
5.650282696429628215e-01
2.501304764788498947e-01
-7.098897475250849354e-01
4.912971488097934297e-02
-1.762858994620125352e-01
-7.626815380406113398e-01
7.350436022950216364e-01
3.930267603869887494e-01
6.094777034850895614e-01
-4.983400199396397778e-01
2.536319020616750186e-01
2.310738296546565318e-01
7.404823031937247668e-01
-5.037295148367029185e-01
-9.413206993223004471e-01
4.149547174262190330e-01
6.383569700514756251e-01
2.370859495645268600e-01
-2.774268736053513429e-01
2.647539909860804896e-01
-7.889878145680733201e-01
-8.384871176822166206e-01
3.438839905854998991e-01
8.323703650363782902e-01
-3.039260880766244122e-01
9.419746857752757663e-01
-3.261369361045329991e-03
6.844750370553635832e-02
9.249027885196007270e-01
6.691894996524215822e-01
7.668524600405526304e-01
-1.474851445282887585e-01
5.525175824050783113e-01
-7.000156594235545926e-01
8.326905544933949077e-02
-7.031393191842567614e-01
-5.346005668678704970e-01
9.580472620218551949e-01
-1.426042081156943808e-01
-3.475741508497844912e-01
-4.922155238096266316e-01
8.599470775667968914e-01
-5.197985896045952403e-01
-5.607009598810396012e-02
-7.508274630963169827e-01
-1.549268626335020271e-01
6.105739517177383169e-01
-8.984442967739384445e-01
-4.399733268510664930e-01
8.571361340021659281e-01
3.790272071300835877e-01
-3.318303408046644476e-01
1.050223419923745460e+00
-2.570813794300224053e-01
7.268400822778847692e-01
-3.190496678063291236e-02
6.193320365209182832e-01
4.251175503553005219e-01
-8.316290041041542180e-02
-2.326194287632426250e-01
-5.409647079635757638e-01
-7.346765087487426849e-01
-2.341632110192854443e-01
9.004796762290930845e-01
4.982690311171763531e-01
7.504976428245188624e-02
-4.221391684114006448e-01
-7.847926862544724047e-01
-3.463626277126505837e-01
-5.084641995030679817e-01
3.058063957115476073e-01
-1.243600189536980677e-01
3.342552436126826065e-01
-7.115335519424417221e-01
-9.333714602524619819e-01
-1.570048054031696061e-01
-7.567247724599635017e-01
3.363494618915420509e-02
6.974165739183901813e-01
-7.261885947414391529e-01
-5.541256010804485044e-02
-8.893484421346496971e-01
-3.063831303057262812e-02
-2.768104575002282575e-01
1.931051221896792555e-02
-2.627817903658476451e-01
9.857029429848790381e-01
-4.284861977423193302e-02
5.812905579853149263e-01
-6.039553216903083277e-02
7.655236439894144151e-01
-6.105876533117162719e-01
-9.513212467950185047e-01
-2.756507541273549022e-01
-2.695286236161700266e-01
5.610924128901321195e-01
-4.189216024248106351e-01
7.325086668028475412e-01
2.821056056269426460e-01
9.080365618266270644e-01
-5.907400326261620371e-01
-8.843241791954579156e-01
-9.253009382279298034e-01
-9.836497279663289350e-02
-8.898625571725017336e-01
8.843057161673589794e-01
-1.284084442525831871e-01
-1.254884924680651492e-01
-4.259084304257813591e-01
-5.248774085820246960e-01
-8.846666550397709328e-01
5.085295366788955551e-01
-5.906165306276524030e-01
-9.464144349635414399e-02
-6.305091085282872321e-01
7.600280645844144090e-01
-8.722123103950174539e-02
4.082257632558370930e-01
-1.260807005916559920e-01
-5.199959140150766101e-01
-5.986058566881866660e-01
4.593316040036719006e-01
-3.216683412448190782e-01
-5.496238425276944728e-01
6.770661719775411536e-01
2.595199558577429011e-01
-6.064013632104466867e-01
9.674429271074566072e-01
-8.380402313566067685e-01
-4.542046844571436676e-02
3.700769766268672267e-01
1.444074784903298381e-01
-8.930986172336350393e-01
9.475558804091307463e-01
-7.341628032432774287e-01
8.131686919159244464e-01
1.563293499672724005e-02
-5.635699519237178379e-01
9.073792399119624541e-01
-8.848066147465990516e-01
4.637394006634275034e-01
-9.066139950234143319e-01
-1.996607401883654098e-01
-2.384629539877224369e-01
8.301576977541255120e-01
-2.115878191036562328e-01
8.418697142940197997e-01
2.615200204679308249e-01
-1.411124972211476869e-01
3.241895714248543836e-01
-3.629698757453775348e-01
-3.830560233969458328e-01
3.871976026448711306e-01
-7.421108089051154932e-01
-8.136234025797610681e-01
-3.340158087571827306e-01
-8.077605619124947900e-01
-8.631063679137417344e-01
-3.636162187187526040e-01
-3.262343361335893199e-01
-7.674026296378611001e-01
3.287762572569504216e-01
-5.590181384627390671e-01
1.534311781958517390e-02
8.723332109084420971e-02
3.290935973860572433e-02
6.799691565172498731e-01
4.002348112270182612e-01
4.629041203739579780e-02
6.431760258082133141e-01
-1.943991527858530965e-01
-5.075067215518848096e-01
-4.503231151013808303e-02
-7.173010938010924153e-01
7.385589395680459690e-01
9.149851532016441968e-01
3.111415256069205958e-03
1.925628009314521438e-01
1.333344615657699461e-01
-1.044027923315054007e+00
1.407524373548024177e-01
8.141848256293958697e-01
6.753120812005294349e-01
4.922592737557805465e-01
-8.578280483717073412e-01
1.481653082473142757e-01
-9.807406059784400387e-01
4.861555899882532006e-01
-8.046901197298169661e-01
-1.179262085162553764e-01
1.154978453144260286e-01
-1.294661771841195963e-01
-8.476305208340756403e-01
-4.166137963726153637e-01
-5.665085070413566903e-01
-4.191791937576807570e-01
-7.283207675677207116e-02
3.523327803760816224e-01
5.976879215201386097e-01
-5.450742279845535165e-01
-8.823748765221623991e-01
-8.868562406641933293e-01
-4.596924589463966537e-01
2.223864409523420432e-02
5.793573555204422076e-01
-1.640519657458944236e-01
6.365850572451473566e-01
4.753376955047261543e-01
-2.154732438312531861e-01
7.840029579163807494e-01
-4.395496627722095817e-01
-5.003818431225036389e-02
6.290251123606029893e-01
1.028999903459832055e+00
-9.577490489213253966e-01
-7.708905631399234348e-01
8.464132648819353566e-01
-1.749348222021419041e-01
9.312157309488560131e-01
8.514992465228192475e-02
-9.902225292252361810e-02
-8.304336608103397577e-01
-3.558207670192910926e-02
-3.175761269041303403e-01
6.659821460116208680e-01
-7.410670641999848041e-01
-5.585962956530240442e-01
2.771001185010386059e-01
7.770011743137147375e-01
6.222237418873469705e-01
-1.252223134883428124e-01
-8.072812747265861733e-01
7.835900887826632299e-01
7.497128606577716514e-01
-9.833574867055060453e-01
8.146008358917126158e-01
2.987651895742661212e-01
8.856141321029359359e-01
2.168138399681112105e-01
9.848444968389178378e-01
4.876503385989165995e-01
-1.805669774938901961e-01
-2.340651586506208373e-02
4.060063614582830605e-01
-7.069069410493242778e-01
7.008638529681787688e-01
6.863701936486936717e-01
-7.223227940636156585e-01
7.536836036240071035e-01
-2.570674337183243563e-01
-8.146332754775496843e-02
-6.497170054730679878e-01
2.546439678485639124e-01
5.796449041302964567e-01
-4.924024443154497409e-03
-3.843054397379604969e-01
-9.042807636124177151e-01
2.287021057957100145e-01
-6.517453190635610349e-01
-9.477782872065192432e-01
6.512027654320542425e-01
1.929177059247923209e-01
9.361257004443087615e-01
3.632334140345473972e-01
2.026860287704656538e-01
-9.177186319801630132e-01
-7.424646136948052089e-01
-3.615803749001939571e-01
2.802045078808335088e-01
-6.850265118959234512e-01
-4.649651023644745251e-01
-9.837513199788346929e-01
-9.312172799963481795e-01
-2.409701698543330675e-02
-3.242720576562737045e-01
1.936838063393233889e-01
-6.139024380056285791e-03
6.719285921974753606e-01
4.331227058614686709e-01
6.419347173653451311e-01
9.662472548264227079e-01
-7.949163158304373145e-01
-5.215345424646887496e-02
-5.813643685409561890e-01
2.859106815316099226e-01
-3.188164177388749243e-01
9.748259008081009425e-01
-4.154076319791630834e-01
-3.114517221803803082e-02
3.475465632708151231e-01
-8.387077681099456283e-01
1.894198890986869832e-01
3.702177388617515219e-01
-4.145790524680051936e-01
-6.214911139810908036e-01
-1.828082831708432998e-01
-7.679525994517886200e-01
8.512320209997503717e-01
5.171999858525486715e-01
6.615341182278202670e-01
8.475298146087322237e-01
-9.411732006179481802e-01
-3.090094163412238082e-01
5.920369095884894239e-01
4.414983667083435814e-01
9.217607462631389748e-01
1.469333382135629695e-01
2.245315290512660544e-01
-4.024772211655638365e-01
9.125570554843936977e-01
-2.856145485501694892e-01
6.408273927576666473e-01
-7.208601007396389093e-01
-9.392128026402452035e-01
-6.264426189489141761e-01
8.631324051562396793e-01
-1.929487926166910117e-01
7.451560539087354051e-02
-3.848326431757218558e-01
-9.676140363047092130e-01
3.422587085713673510e-02
-8.078522323467903776e-01
-1.304993860909439002e-02
-8.799795661110660916e-01
-3.169010277489237026e-02
6.118409991039656104e-01
4.467491238246545926e-02
2.302803983967401658e-01
7.659167594507489962e-01
8.918229084402709006e-01
-6.669657972382210254e-01
-6.822910960807797576e-01
-2.827900098864911671e-01
3.362873278371318331e-01
-4.245716440657870128e-01
-4.929272702305868142e-02
6.207944557243587624e-01
-1.809534920592933416e-01
4.238504365210853386e-01
9.492705277928241703e-01
-8.329310526909237955e-03
6.516103803467280242e-01
5.991213656144498412e-01
-5.636586977040317636e-01
-6.472832271207793475e-01
6.794978707197067980e-01
-1.373919795356627338e-01
6.347153298624774731e-01
-3.053595937937548244e-01
-2.092145967815195740e-01
-3.367003504347392817e-01
-9.777785646821971488e-01
7.630408175625162659e-02
-8.494621219395573908e-01
8.014788941082170437e-01
-1.365423502320374793e-01
-5.135526870835578350e-01
-1.913056136412374097e-01
-1.614463380827205197e-01
-8.789031180873491111e-01
-3.060158604645136227e-01
-6.427135786505956683e-02
5.789549294678372759e-02
1.782022576443972051e-01
-2.079683116991074554e-01
-9.647810907085583310e-01
3.304004112735445808e-01
-6.950645207986927421e-01
-7.391780108664868232e-01
2.657582954047892354e-01
3.723451153027912963e-01
5.508756104142948917e-01
-7.995663693962116181e-01
7.784853046024222678e-01
-4.947979662814492308e-01
4.131087761475532583e-01
-9.062931169047967472e-01
-9.062615821959313367e-01
-2.228879725923024191e-01
8.490185032500899842e-01
-1.017304841543562821e+00
7.814405524475243059e-01
-8.719453576155158370e-01
4.857060305037885772e-01
5.987390241145584824e-01
5.860073972726856928e-01
6.334954436983067927e-01
2.919659170697781470e-01
-2.784394768204103698e-01
2.855045111800596502e-01
9.140314503393753842e-01
5.547330327640818959e-02
-7.036339350121144642e-01
1.092044349852159951e-01
6.583141376606671535e-01
1.805053172250564997e-01
5.596605005616486217e-01
-9.091127618000205413e-01
-5.288371313884532299e-01
-8.715456048729225413e-01
-2.208828748934487385e-01
4.912587079349938768e-01
-9.295946180326677410e-01
-1.929204653228565880e-01
-9.407367707365952292e-01
4.771304100022318861e-01
-9.102009944670236274e-01
7.763428187843871564e-01
8.129699364260729588e-01
1.031005808722812667e+00
3.368748681287698776e-01
2.045203883456396809e-01
4.706414716804556697e-01
7.509142580505361042e-02
-2.863779806403443096e-01
2.531640742177805325e-01
1.125261110225504735e-01
2.427914241646624838e-01
-1.448570403633500647e-01
2.887900846541132105e-01
-2.664812849121373506e-01
-3.760993460715247316e-01
-7.389470471801772300e-01
-4.277648764073849752e-01
-4.781027387684992913e-01
8.418852798524130154e-01
5.605898153499708769e-01
-8.128224112232349530e-01
6.968933354217902165e-01
-4.812615353652533456e-01
9.629975318766212933e-01
1.616683133278575824e-01
-5.594426506496770202e-01
6.985666153015155366e-01
9.118639057623678656e-02
-3.286569571873591000e-01
7.111843350839834876e-01
9.581684381856820920e-01
-7.109717681255061095e-01
3.573149410228890904e-02
-6.781232897500624190e-01
9.474708582646760302e-01
6.011864928424970334e-02
-7.607270472483549373e-01
-1.603466458535623418e-01
4.851146360139483305e-01
4.993156720037376650e-01
6.525663103228256379e-01
5.408741122237760157e-01
3.182563468847356414e-01
4.527604218229445698e-01
-6.892719951634515008e-01
-2.035096048401770219e-01
7.084965114354480065e-02
2.747710104327515390e-01
-6.771913697007814203e-01
-8.842990377719067707e-01
3.707286485055206193e-01
-8.365653138326882565e-02
-7.945288529565986968e-01
-5.138308310310568672e-01
9.630004003176273475e-01
6.745554913011733156e-01
9.010897484407172087e-01
8.493495142539760900e-01
-1.981461309038844154e-01
-9.033627800929309171e-01
8.825022651607661306e-01
-4.458217920097407028e-01
-3.271649051656926876e-01
9.216272553897339459e-02
-5.377718014598448226e-01
-5.931575522532293032e-01
-2.585813884333315951e-02
3.161061957992312710e-01
-8.243450815956246958e-01
-8.826867220058463026e-01
-7.825937130089676286e-01
-2.488728869670828736e-01
-7.601589595470999994e-01
-2.296945657613884417e-01
7.441414976531576797e-02
-6.233287286018575069e-01
-5.472645844966962381e-01
-4.527007550941285208e-02
-6.289308988751775020e-01
-7.775182032266715337e-01
-2.615728484190620873e-01
5.070121872653744477e-01
-9.916349428318724790e-01
-1.666907621722132360e-01
-2.127204456755829587e-02
-8.086947387910498053e-01
-2.245682374850081486e-01
1.704131001048939942e-01
-6.498784768973220327e-01
3.301611898641088061e-02
4.288916780342117985e-01
-3.104882341790047295e-01
3.440386931443937812e-01
6.987738198237029019e-01
9.121230945081333363e-01
-6.578929474109872499e-01
-5.610571598340245991e-01
-6.550165225970967509e-01
-7.579974189096191362e-01
5.082324203704282617e-01
4.480694168669260291e-01
5.163627559277760293e-01
2.004675848682722084e-01
6.945307365490482887e-02
2.678928387084379414e-01
-1.273228340003984896e-02
4.380245197151337311e-01
-5.617172046268796848e-01
-7.702245115432537759e-01
2.405363288427345980e-01
5.971683054821874670e-01
-3.902355201672276230e-01
7.351599230640515348e-01
6.081449282545147161e-01
-5.127129713458668248e-02
3.493858143826015783e-01
3.207592994727628821e-01
7.868204283683271072e-01
-8.706468142404668598e-01
-6.572300268314943406e-01
3.853869880020564520e-01
-3.255154746499962920e-02
-8.355921673514467019e-01
9.345836876709653351e-01
4.033477502233664413e-01
-4.556333510409916188e-01
-5.099236194508491860e-01
-4.392323659920004952e-01
-6.332610466873844768e-02
-5.222644984336825003e-01
-6.970165308361467860e-01
5.298908735779813695e-01
-4.974871377929246385e-01
4.984524804110991858e-01
-9.053119209488635910e-02
9.954707293741639207e-01
-3.573198670587305892e-01
8.318395835344022382e-01
6.887040266308699366e-01
3.799289013624125300e-01
7.776016589292455983e-01
9.710680653740785817e-02
-9.324263558082185321e-01
-5.368729532277963790e-01
-4.381385555219350358e-01
-7.580273901349366961e-01
-8.966422844231012323e-01
6.331846604436014436e-01
-3.649740498010013018e-02
2.933058183975335576e-01
5.064191186609645623e-01
-4.033419181715429125e-01
-6.519672096296876829e-01
-4.402898780591146810e-02
-8.389082236335958509e-01
-4.354015714369348644e-01
6.458499906588441863e-01
8.401647064087476302e-01
-3.350156858961712558e-01
-4.278289410482613020e-01
-9.516217348258452224e-01
-5.526840686904759270e-01
1.918951884278785047e-01
-7.779514683803232522e-01
-1.476784693194755360e-01
-2.055699279407549318e-01
-9.491689476401430348e-01
1.948053911307021380e-01
4.262318421524828316e-01
-2.478977061751364286e-01
5.959149610219941495e-01
-3.692041448221411448e-01
-1.328313174368961902e-01
-3.433814212132221821e-01
9.588190804323921956e-02
-7.814718145423626972e-02
6.247218028938977818e-01
4.666460761645201405e-01
2.722790931046312202e-01
6.249058271977672163e-01
2.721332514483180698e-01
6.097133325882957422e-01
-2.914707590447809249e-01
-5.961211863083912266e-02
-3.308329634669602837e-01
-6.233907301010315205e-01
-9.762398693508403946e-01
3.361644639455853012e-01
-3.553480306901340285e-02
4.242194829848973114e-01
6.883701712877235979e-01
5.345412031497196459e-01
-7.536230763817931555e-01
7.029436497765008118e-01
-4.710002750569539098e-01
4.324484495011664542e-01
-8.750825659115764044e-01
3.353697477996080145e-02
8.375546174360990470e-01
-5.017488243238366064e-01
-2.143328038822664705e-01
8.068423919045418780e-01
-5.863595893060256081e-01
8.420447657575840239e-01
-5.673253941717301130e-01
-8.891847122118167190e-01
-4.286822239403682011e-01
-9.340140670892409513e-01
4.527525000013356560e-01
-9.691757191710527186e-01
-5.837098754192679984e-01
-8.094181028260898081e-02
1.067813622656390848e-01
-3.566873350708422707e-01
-8.938903333112142580e-01
-7.999959919814404463e-01
-2.265187408877446795e-01
4.766312307394788839e-01
-4.836978653100643122e-01
6.055772593577525287e-01
-2.006931306392993886e-01
-3.290931677382420983e-01
4.848054033722216105e-01
-5.351511725823863141e-01
6.908400818529875087e-01
4.587032946900875263e-01
-5.633583716895068649e-01
-5.669122074240002807e-01
5.605784580271342410e-01
7.964941291816101110e-01
2.205145465520714498e-01
-5.341825249217966448e-02
-3.640620727179850746e-01
3.393783431995918143e-01
5.063404869477630132e-01
6.093749131085344052e-04
-9.825624713185123760e-01
-1.969719036907334186e-01
1.872340728402648868e-01
8.680081356909765677e-01
6.066893984760930447e-01
8.616979146431101855e-01
5.396749500109803144e-01
9.187877754047787393e-01
-1.074231381139019448e-02
3.759094272275791404e-01
-8.848547708366317766e-01
-8.008238844773777343e-01
-1.838064732234554466e-01
5.791762040475110229e-01
-4.060858840012364079e-01
-6.214060077152129269e-01
9.145631334946797697e-01
-9.335231617670172177e-01
8.721318410502554297e-01
7.100271390740815480e-01
3.699237127388497332e-02
-3.286229642226409960e-03
2.506040142359928224e-01
8.659911585023222225e-01
4.153678976820345814e-01
-9.717028925059059130e-01
-4.427140518218944942e-01
-6.757113143023429913e-01
-6.909020060092710969e-01
1.400799814088860562e-01
7.097809576044616930e-01
-6.379507961875326982e-01
3.260413802904231773e-01
2.048274086318080112e-01
9.368301028905607897e-01
8.356988809204773938e-01
4.677813705321007820e-01
3.851453548137581118e-01
-2.138175591002277887e-01
-7.672431209797625495e-01
2.485376071233592610e-01
5.581775800996309211e-01
1.792911545078114122e-01
1.612917422801563722e-02
2.368015300824580782e-01
6.492984152197222025e-01
-9.825108751745961211e-01
-8.451872157271080044e-02
-5.130220602980134492e-01
7.241899766822197382e-01
5.221850100386069560e-01
5.943270594895562198e-01
-1.935930765664508613e-01
5.892764552879208306e-01
-1.275134370484385937e-01
7.977074892436427644e-01
-9.477452354145547986e-01
-3.878768647448028184e-01
8.743149708170759871e-01
3.729315583101194820e-01
3.230084828057444568e-01
-8.130203851734173481e-01
7.845451789444682911e-01
7.531045288077889976e-01
-2.814835153390228273e-01
-6.854291568379978772e-01
-3.493230556814579946e-01
4.048530726751355391e-01
-4.602600980870970027e-01
9.303930811810643409e-01
-1.654947032520479588e-01
3.780803789347837035e-02
-1.919326730336371745e-01
2.002103870746861358e-01
3.698212188936291778e-01
-3.204327486067632957e-01
7.708031010828826357e-01
3.962456710341074051e-01
3.002494012090309861e-01
-3.018085858140556188e-01
9.878223069137590517e-01
-8.888495752089318191e-01
7.015794373060699751e-01
-6.726230988032919633e-01
8.694581973240333994e-01
-8.299469827120851129e-01
-4.450604143165297621e-01
9.301202284328735637e-01
-5.961942968684047495e-03
-7.612232148146176325e-01
1.413978298933044747e-02
6.928175189092367070e-01
8.682175811421531941e-01
-3.157674916161896106e-01
1.104918037088661181e-01
-6.266871160627580650e-01
-1.792977112193115952e-01
7.577022108833197933e-01
5.025369772153989167e-01
6.217111624990185464e-02
-2.904254807831623264e-01
-9.822080156280592611e-01
-9.682940832175183088e-01
-2.200326285425233674e-01
2.726335232585621604e-01
-3.598955526188679088e-01
-9.895147731417723858e-01
-8.245519202045706320e-02
-4.544491720809700208e-01
3.085969349033462761e-01
7.158890498438574834e-01
-7.911390960716697673e-01
-8.197386344427219917e-01
4.430843929860261987e-02
-8.950229619067788800e-01
2.651058121661876710e-01
6.838152977901417184e-01
4.004139756914399523e-03
-9.539822539784168498e-01
-4.457837361855787051e-01
-6.092248326484185350e-01
-1.211755748270192806e-01
1.484510349208251478e-01
2.555454985033855375e-01
-5.306852413670711810e-01
3.096016462489989962e-01
2.794653098894463450e-01
6.894502896222489685e-01
1.604875265835886688e-01
4.750659883514427584e-01
7.499214508736775642e-01
8.114841889837914879e-01
9.337037877707770051e-01
-7.376800539678372015e-01
-8.743586591096952007e-03
-6.450901492040421736e-01
-9.164901281081629936e-01
5.434110338480100388e-01
2.692435527371522808e-01
-7.476577806614470578e-01
-5.203369718078368900e-01
3.743007176048583906e-01
2.443476623761935973e-01
-1.988284762788415649e-01
4.701885799257627396e-01
-7.562310652346468376e-02
9.145727438120215824e-01
-8.882379052654763851e-02
3.734486740133938776e-01
-6.689238931261032306e-01
-6.637600462332191587e-01
4.104087849430439472e-01
-6.403463361286335087e-02
-8.257606563980753878e-01
-2.406655979591121319e-01
-8.639206999303478129e-01
-3.320973106528775087e-01
-5.449342920554153258e-01
-6.602305074452435862e-01
5.385679811673819151e-01
-4.310179775857536644e-01
-3.447741354517506185e-01
-5.325476795722651202e-01
6.154871825778424066e-02
-5.759971610827404609e-01
9.405960379375705172e-01
-5.080458428275876903e-01
6.505593643908809121e-01
-4.776382493763393633e-01
5.491779314164170200e-01
8.835219494477499769e-01
-2.977871362592183768e-01
4.544214708187405138e-02
-2.353519684221942188e-01
-5.738203069653395882e-01
-2.697888216586392662e-01
-7.970266708435657099e-01
7.095960140471381239e-01
1.186351936561070436e-01
7.859391876988858217e-01
-5.659037273457173667e-01
-5.805959096759182037e-02
-5.662501957099659311e-01
-7.377079838409879020e-01
9.336103014725445348e-01
1.823714643355364706e-01
-8.887653856575770950e-02
-8.203295022020643534e-01
7.274267949929139609e-01
-3.478699872926292458e-01
7.747957241322210864e-01
-1.054170873262811996e-02
-4.065012405714213961e-01
5.838918155477351712e-01
-2.241102743637950201e-01
-6.747107446269172693e-01
-4.219192785344991203e-01
-6.164163037318164395e-01
3.902405657943672224e-02
7.816376363737338462e-01
-8.007750827745694355e-01
8.297891704116533429e-01
-3.150645389442949806e-01
2.560034381258677327e-01
1.313776508236981222e-01
4.538734790033102096e-01
8.375853627747954500e-01
-6.480497591739265983e-01
8.579181364227547180e-01
-1.221371796994016601e-01
5.401313628534373801e-02
-1.770989310315853604e-01
9.016212033870169007e-01
3.963968216367804165e-01
6.837945711107324964e-01
-4.663424667478961207e-03
5.679267264005584126e-01
6.532398043087704886e-01
8.540066165824389266e-02
-5.829362514964183672e-01
-7.594772806152448874e-01
4.809403755260525659e-01
-6.502917631854689962e-01
-8.343241425680895107e-01
4.263700759537464302e-01
-3.906873818621932060e-01
-7.917157805235842671e-01
6.717021477122356865e-01
-8.820416130291820478e-01
1.760494625313870076e-01
-8.992717336688428598e-02
-8.884793852091164013e-01
-9.705482837087575643e-02
8.677487989142428360e-01
2.086576425082031783e-01
4.232605984376157093e-01
-2.986676373302055154e-01
-6.644030139529361056e-01
7.309091627988513196e-01
-2.312308811195511460e-01
4.362725803068812080e-01
7.076638792932705702e-01
5.780969858034421538e-01
-1.010542977495332062e+00
2.708153007650310751e-01
-2.539315835491046669e-01
-8.035926493255999073e-03
-8.172720574096818957e-01
-8.201657396187403970e-01
-9.213479632058072522e-01
8.424795828927488239e-01
-2.091422436281822061e-01
-7.032947622508773922e-01
6.374638579480572213e-03
-9.958858201461600057e-01
4.062749899410213195e-02
7.809682494886263093e-01
5.676484269421617768e-01
-9.050199325780823312e-01
2.088496243642800343e-01
-4.387024295891000514e-01
-5.602638399865165209e-01
5.704523449258397383e-01
-1.335563641927351164e-01
5.927938839822664147e-02
-2.674389271623922038e-01
-2.742529872612874953e-01
6.272946235770040513e-01
-5.284404769690815851e-01
-9.670951141072799961e-01
8.091902483958700598e-01
4.088120529861433705e-01
2.585191147407622236e-01
-9.944449674505196901e-01
-1.817733839642027283e-01
4.510737680993744947e-01
-3.178982028819369310e-01
9.046096067594286069e-03
-8.695453214737823566e-02
-2.676578200591022694e-01
-5.483107504216255812e-01
-2.995667601194304530e-01
4.492852672943185022e-01
-8.428236424517829839e-01
-8.426652832678447336e-01
-1.222526766788811781e-01
9.543677842867432926e-01
3.613529219123708391e-01
-8.142054100242164250e-01
-7.405105562029155042e-01
9.411181857234391934e-01
7.147708387284900100e-01
-1.143070617944205863e-01
3.861670924894609613e-01
-8.286734252813499069e-01
1.034677402005276026e+00
7.695936087991202268e-02
-5.198913635194244431e-01
-9.613592488494308863e-02
8.082670227039492894e-02
9.944095437567493367e-02
-1.465389887372536004e-01
8.356283322108539746e-01
-6.890879253380406411e-01
-1.644270504811753408e-01
-3.285994043450067847e-01
5.357276695527428689e-01
6.435000079919867000e-01
-5.207779268469763245e-01
6.100285553087850254e-02
-3.032677690153449124e-01
1.710864064288877551e-01
-2.732310695205007398e-02
-4.807982254372919484e-01
5.230882599146591261e-02
-6.680566073653579906e-01
8.732694386578012669e-01
6.673186242441130345e-01
-2.490594391461469770e-01
-8.340188597807763893e-01
-2.585019358057702443e-01
7.797492127161481656e-01
-1.615331023855765546e-01
9.392762393850863090e-01
-6.640276784850996927e-01
8.001460705891202396e-01
-9.139036658064185747e-01
-2.629213203718905878e-01
3.203907814844382251e-01
1.850691079961873375e-01
3.223588359146722371e-01
-4.803781232698273174e-01
-3.543168886942918983e-01
-7.643155461744244317e-01
-1.825383595223644892e-02
6.968532344938170864e-01
1.364101125413461901e-01
-6.723638134190956794e-01
7.887617597813509351e-02
5.569101540191907507e-01
6.847819773743799576e-01
-8.008756991430351357e-01
1.762076670472102480e-01
2.854297209097158006e-01
7.151123768004241654e-01
-1.009735749348694922e+00
8.660394639634680924e-01
-7.392266601153487660e-01
-7.375873801200849567e-01
3.535310124716600222e-01
-8.784189447853201216e-01
8.056242604269053809e-01
6.726373478824351770e-02
-3.590296108707524692e-02
-6.920445539200671681e-02
-1.808864819853851780e-01
3.305173059304551963e-01
6.533685536469880928e-01
-8.627371838207157362e-01
3.053330960510102221e-01
-6.887579898805369361e-01
6.871583557178538859e-01
-6.015216672864378555e-01
5.240646916825041357e-01
5.868592814075809239e-01
6.985397993378132664e-02
5.989505599182392004e-01
-1.442831309158328600e-02
-1.126404100603256297e-01
-6.914923417794289762e-01
-9.222392840483644161e-01
5.800412680868587412e-01
-3.777425897953263778e-01
-7.497817816860025131e-01
3.513038052783316600e-01
-7.562091800136878650e-01
-6.757459414120638996e-01
4.456459411231502021e-01
-3.653853289655676351e-01
7.513814719664339004e-01
-8.244990066878884472e-01
7.363763699646653782e-01
2.318810708232307005e-01
-1.979042137711195526e-01
3.868929525328638763e-01
-9.106164813471818720e-01
5.010226627906760877e-01
-9.100336951440044508e-01
3.681376669733745777e-01
8.737347621397477671e-01
-5.206014466616943892e-01
8.300481426163804910e-01
-3.570766286350602337e-01
-9.084773290765588705e-01
-7.886919033046790872e-01
4.513187658840255856e-01
1.669263160021831893e-02
-5.254675738615750547e-01
5.755029506047151244e-01
-4.094108118834745569e-01
-2.410754856905986954e-01
7.605932785810094465e-01
6.968738942123420266e-01
-7.706308664867253522e-02
-5.461733775348727171e-01
9.916610945991852777e-01
1.278732040877758047e-01
9.150670145222902230e-01
2.319442702671955236e-01
-4.934992504786953615e-01
-8.725112795431149149e-01
2.369924723490635654e-01
-8.210810654789033602e-01
-2.909861140111013045e-01
2.595947988992686195e-01
1.403435162263687030e-01
-4.232942779500379893e-01
9.135138971237709076e-04
2.524734378277081470e-01
5.019611270230051048e-02
4.296611926439650175e-01
-6.562701997681649191e-01
-9.986534347373411391e-01
-7.171334278158747466e-01
5.858261598578771157e-01
-1.603328927715494123e-01
2.108590868562256748e-01
6.328821952311971533e-01
-8.442755008685155493e-01
2.906967033759109698e-01
-8.848238932053849037e-01
-1.961352336593323864e-01
-6.276035502072114802e-01
4.666725723319704588e-01
1.277578291734477733e-01
5.031810943200232256e-01
-7.256301151935886651e-01
-9.018966425769745499e-01
-6.853844305363989697e-01
-5.714352884702521562e-01
-2.213967482112395857e-01
-9.379503802043847038e-01
6.056865887338597210e-01
4.553211625031163279e-01
-6.206958559736837078e-01
-6.476294070650217005e-01
-7.628966575093433233e-01
7.124628377732795670e-01
-2.841787273565065108e-01
1.048166686828415628e+00
2.411935968366838157e-01
-7.200460591073835903e-02
-7.923403795172951902e-01
-1.570870074715556564e-01
-1.151374609487836098e+00
-5.438271382346850924e-01
3.681109577929692067e-01
1.763130845413349856e-01
-7.905805106429655282e-01
-5.730987142754851993e-01
9.022938224798990881e-01
7.171763309402099384e-01
-3.554159635807874196e-02
8.252266202340902135e-01
-1.359300516649533941e-01
-7.154619014188133841e-01
2.763392325073933398e-01
-4.045365214288741962e-01
3.440745137334270676e-01
6.618679227135637611e-02
3.498073992432641083e-02
1.314546340017107573e-01
-8.326082139043957664e-01
-5.358456820150685473e-01
3.798054950976297306e-01
-1.777099068176070107e-01
-8.023091385763898575e-01
-9.427054944901483990e-01
-7.790588850307694768e-01
-7.057258458978502569e-01
-2.745911970291866622e-01
-1.000333024701362650e+00
-6.809770306702015441e-01
-6.733461942092765495e-01
-5.296514816699132711e-01
4.941010746659464381e-01
8.996594372073962731e-01
-5.455866744458516271e-01
-9.686775924393759007e-01
-4.897040578041027548e-01
-5.553763506949151857e-02
-2.719537622434226587e-01
-6.885443546195955111e-01
-9.246011373230026420e-01
-2.056383469761005889e-01
-3.646287004723301473e-01
5.431026103860114862e-01
-3.538185995138867224e-01
-4.283236544647537336e-01
-1.638103022412266130e-01
-1.954351042417055151e-01
7.773259787407884591e-01
-7.353368144115717264e-01
8.210587198045131707e-01
-6.052342666181024233e-01
-7.000390205109685571e-01
-7.756510508643013058e-01
-1.996054767067051983e-01
-4.159246607851463731e-03
-3.090469182841815154e-01
-3.063950824738863044e-01
6.974356793942076971e-01
7.583705338090420689e-01
6.379121968273292476e-01
2.162434531315218234e-01
-9.807963078229662290e-01
5.560322345638666341e-01
3.996281388888365815e-01
-5.511391919831705177e-01
2.361239107842953988e-01
-8.812725152709209864e-01
1.017193868265469536e+00
4.955145781024214990e-01
-7.768522347061467270e-01
-5.312361058875613162e-01
6.736435280237355050e-01
-6.912710952666109021e-01
7.912492688824610543e-01
1.001774334209725170e+00
-4.061406023517443176e-01
1.515740217445164795e-01
-1.346473216112109850e-01
9.843863282456530861e-01
-6.772257432768306051e-01
-5.641046457313868556e-01
2.044577779516597582e-01
-8.925166101253542150e-01
8.603997478794330744e-01
1.398067302821898727e-01
8.855010913561051078e-01
-7.864414894768555486e-01
8.095302600852533059e-02
1.185903620406669190e-01
-2.257482015369046552e-02
-4.258019198528834592e-01
2.597633051271862614e-01
2.080999356656488414e-02
-9.739218498654201861e-01
2.701667903164055029e-01
5.656588179501137459e-01
4.856192914056363663e-01
-2.981207848344278877e-01
-3.687512643134533419e-01
7.993978432793329425e-01
-3.263566484234453613e-01
-5.320974126946713678e-01
-6.009091039205565199e-01
-6.609591860776801164e-01
-3.045077515438664451e-01
1.309046108145564824e-01
9.329345053685058620e-01
5.920642936976450166e-01
6.697337431928856999e-01
-9.024753301658411386e-01
5.213632106427192880e-01
4.138588555617970233e-01
-3.023916784958438075e-01
-6.173545962690673017e-01
-2.553407729637862666e-01
5.836168535202530816e-02
2.714871595831169424e-02
-3.391845397467347922e-01
-1.539822732687274875e-01
5.156120243162214400e-01
3.945764060736732803e-01
-1.673751219877043506e-01
-3.983630456377412754e-01
-2.972291438160829524e-01
-4.837123901199486542e-01
4.168776311474770568e-01
-6.250702756235781976e-01
1.254174969224587655e-01
8.244569915022971485e-02
2.311732617533153455e-02
3.760443300246460452e-01
-9.288964642695153318e-01
1.728411702963472685e-01
-1.399905646161339334e-01
-1.058541435524672947e+00
-8.715926540799885380e-01
6.292148315461676411e-01
4.716451572087724808e-01
-7.964914023808445931e-01
-2.347752248338849657e-01
-1.025161297671035032e-01
3.628588368559503285e-01
3.211158399561560017e-01
7.771086069196899704e-01
-1.005632398345178480e+00
5.824788666471091281e-01
-9.288111679855541591e-02
-5.209638462936866388e-01
-6.374585537418235234e-03
-1.065438451426746536e+00
-9.023374039776621558e-01
-1.014761011889086406e+00
-4.324428972860795972e-01
4.641659728070651747e-01
-6.545753977546350244e-01
8.917215616902474107e-01
-5.329919861112700774e-01
-1.714426966502670124e-01
4.019645949856767153e-01
-3.966600408059627325e-01
-3.765410865375026228e-01
-5.375297084448465990e-01
4.769844414514854414e-01
5.227387153563094468e-01
1.041673756496619141e-01
7.663069969471940635e-01
-5.664028101620535161e-01
-1.817992919723541989e-02
-6.319885616478236878e-01
-5.700874197564678170e-01
8.169241757308534080e-01
-6.396356237481971574e-01
-4.085994604790368911e-01
-9.149111316355954537e-01
9.788375694409368055e-01
9.534232349706937837e-02
3.640975620089511033e-01
4.064937854993525869e-03
8.124534017780150608e-01
-5.209522538576586426e-01
-3.902525348154841645e-01
4.711649019791920856e-01
2.897840106062172238e-01
-3.269352591611839887e-01
9.096840928830598472e-01
8.632229784554205088e-01
-4.628399873691996236e-01
-1.997562925166919967e-01
-6.543188791162213302e-01
4.732383396168416967e-01
-5.553609460799661113e-01
-7.402110036014406536e-01
4.907242527689841816e-01
1.000617314478993825e+00
-1.004478072304320735e+00
-4.529521746145192540e-01
-1.209975151372785496e-01
4.810815510512014836e-01
-5.084972214197072127e-01
3.826020277987900453e-01
3.122363315011087992e-01
-5.086139713868584877e-01
-2.004005368169468199e-02
-4.478982151945365975e-01
-7.292348117931916063e-01
-1.930628399888446312e-01
-2.350928342768508414e-02
-2.146671102736296965e-01
7.892609793918988759e-01
-8.717126715029450967e-03
-7.994925626068126734e-01
-1.182755416390443154e-01
-1.016341148037667730e-01
-7.510176118436528991e-01
1.084390514658747140e+00
7.390747946339014662e-01
-3.641598298262550548e-01
-1.002831171472361671e+00
9.414574605313911215e-01
4.099677019008833856e-01
-1.791683666274632991e-01
-9.352890912997742223e-01
6.884087504520642886e-01
-9.378756894930481147e-01
4.254505202601935321e-01
-3.381494193977936380e-01
-7.815361824278347358e-01
-7.669194452778583804e-01
-5.011187105585792612e-01
-5.503381709878043537e-01
1.860553813505879395e-01
-8.201787623390779380e-01
-5.125633146788728389e-01
-4.228730311138890197e-01
5.798591043494687458e-01
-1.433818334855173626e-01
-9.562956444455503191e-02
-4.196826908234381759e-01
1.403157085936804563e-02
8.193106380429954205e-01
-1.054370485462563928e-01
-8.841366605829034109e-01
2.271908659162576727e-01
3.745914658657493318e-02
7.169968535583604030e-02
-4.833552772401127906e-01
8.850963527980123535e-01
-6.001728186565180589e-01
1.792707227312461404e-01
-9.789283110373510066e-01
-6.594388045576009549e-01
-2.845567836263108163e-01
-9.292933126973704772e-01
7.818474122038755469e-01
1.348157844210918221e-01
-6.743418491054784525e-01
-9.436444587606530876e-02
-6.425064247415082086e-01
9.387664745041696124e-01
2.667578710856205459e-01
6.531610825057466707e-01
-2.499928059004905279e-01
1.174732493489197838e-01
3.917724487137038136e-01
4.394546282639401613e-01
-2.498013733986824414e-01
-6.294130581253336576e-01
-6.641727438980167264e-01
-2.643793733494670395e-01
-6.413702405892790503e-01
7.866877935955307599e-01
-7.934161451668755305e-01
-7.105700400801251426e-01
3.518391172113332632e-01
-7.321879489891724990e-01
-2.423769296523243244e-01
-3.701053101767107223e-02
-2.888762798096630169e-01
-8.738984519890875546e-01
5.116776695124797270e-01
2.137996978990232277e-01
3.634313698146012239e-01
2.485113720646997815e-01
5.617723013592702541e-01
9.851506284974114180e-01
-9.546004846876566807e-01
-7.601465396151929621e-01
-9.357404889126278436e-01
1.354967916259499916e-01
-6.146168959746174387e-01
3.966616112608124523e-01
-4.263793449770606619e-02
-9.249302466278176427e-01
-4.933172636572532577e-01
-5.430987508192528512e-01
-3.814386269518487693e-01
-7.214579231863960107e-01
-6.843330880502075386e-01
4.787888654673028155e-02
-4.664198982179134506e-03
6.673277021919880037e-01
-8.262563276624098618e-01
-2.888815312164643156e-01
6.895953935408234425e-01
1.400040663608869418e-01
3.460162071837730169e-01
-4.073628841585010263e-01
4.777074884653054743e-01
-8.150083480696194982e-02
5.291606658728064128e-01
7.230004040657044273e-01
3.808239258857393922e-02
-9.377191095286065980e-01
-4.605888282044571791e-01
-5.748747022932523265e-01
-8.086004816488476798e-01
-1.955144017562926440e-01
-1.456379352015113315e-01
-6.716348666061453532e-01
-2.256528915957868864e-01
4.460127746061893772e-01
-5.632038267495637074e-01
-6.022616197397424598e-01
2.042995352635816886e-01
-7.885687478278690099e-01
7.508600855241964744e-01
3.829033826970995591e-01
2.658411372435723896e-01
-9.192634135545869611e-01
1.601779648324467287e-01
-7.382786796418288056e-01
5.000686334851437431e-01
-2.200170295039046153e-01
-2.675571353997562296e-01
-9.034692017557481858e-01
-6.087781322158741099e-02
2.095207075135663843e-01
7.155855208714347881e-01
-7.988378350265926686e-01
-7.403562579241167452e-01
-7.205490559749018198e-01
-5.360057930708796853e-02
1.374239426567374911e-01
-9.947179061742862372e-01
-8.447317628984996052e-01
-2.996096446837595573e-01
-9.569992961320924474e-01
-6.909382061656830221e-01
-9.635561195793687084e-01
3.320450283952131043e-01
5.045872847647785431e-01
-8.785601060367385917e-02
-3.762420234523841112e-01
-7.906037494899033069e-01
-7.838655155003364516e-01
-8.595270029888781027e-02
-1.426937488964945544e-01
-1.125306938957622571e-01
7.049760707783706559e-01
3.269185201042228983e-01
2.004889532783105388e-01
-4.928142087230178991e-01
6.550588342821286880e-02
-2.923345310459118385e-01
-5.519742580646865848e-01
1.060041326304488746e-01
-8.234166471268881127e-01
-4.860333085376267181e-01
-2.753443363456826165e-01
-1.566607901043200468e-01
2.062107376585636809e-01
8.576470654091313817e-01
-9.373644424279776732e-01
-8.830393960698497136e-01
4.543165624173944872e-01
4.161546134040796513e-02
6.831083864758703550e-01
-1.015625755161204680e-01
-7.760441765886963994e-01
5.719518191240064997e-01
-6.318220042824069793e-01
1.397466725247249394e-03
-7.039055752215129802e-01
-9.512856413408240508e-01
8.875341418107077773e-01
-2.479688038140573370e-01
-5.470018256101655263e-01
-4.878669242233830139e-01
5.699696357573919014e-01
6.871118995608402891e-01
5.377536738763961655e-01
3.559519834850161657e-01
-8.007203738211755573e-01
-1.043318212851046090e+00
-2.537312243730139305e-01
6.135086345839967370e-01
-8.525082330248705542e-01
-7.228388209239235973e-01
-6.417466409938150651e-01
-9.703369133319698914e-02
-2.821061897283844155e-01
-5.946869963209436838e-01
-5.266641077044371677e-01
8.729759836639694459e-02
1.255581714186242703e-01
-3.813531119402373548e-01
-7.018581790306210877e-02
-8.604185821782292520e-02
4.509489392104210626e-01
-1.513349773701721523e-01
3.038303141382028283e-01
-9.174042627171975495e-01
6.345434576915526259e-01
3.541481070604254322e-01
-3.107167174152343780e-01
-8.888560111237275851e-01
-1.078203746302207833e+00
-6.090289481294149931e-01
-8.416359476877149914e-01
-5.924077071896719504e-01
-2.887726777367162490e-02
5.932694125141305674e-01
2.166241594151897126e-02
-1.029606424683067400e+00
5.249293633133267356e-01
-3.055837522504868398e-01
1.856312219293407284e-01
-2.817648319755559627e-01
5.470435928834628259e-01
2.312671444355988426e-01
-3.411965635355210802e-01
4.685498219793372485e-03
9.972521740393136547e-02
2.271938331312839399e-01
-8.904358638826569139e-02
4.619951107140511937e-01
3.168192121252972893e-01
-9.473671565642407533e-01
3.462101708799034117e-01
5.296657164487725833e-01
4.813981119960726307e-01
2.104632489153624997e-01
-2.895395871639790397e-01
-1.000398523127363992e+00
4.546178062140771026e-01
-1.177144967886845500e-01
3.785136478850121833e-01
7.530929751154350482e-01
-8.254910575916725168e-01
7.723254759919865320e-01
-7.210278091512498655e-01
-7.813520581725523773e-01
1.671070960071868727e-01
-2.012043207686902146e-01
-9.466283929152898846e-01
-9.953806123163266850e-01
-5.160658772789711302e-01
-3.827939043432388444e-01
-1.038889579506452332e+00
8.931583577901381910e-01
-8.219373888329021272e-01
1.703292385069059556e-01
7.274013946495883065e-01
-2.077114750275040056e-01
-1.018901680136009347e+00
-8.714923410194160835e-01
7.733357181875741837e-01
-1.107680739206656995e+00
-4.733753626827816308e-01
5.312270338856937002e-01
4.244322892028056238e-01
6.143391695199106328e-01
-3.716076148608178920e-01
-5.514138885628200315e-01
1.428280786405377589e-01
4.225659583000196395e-01
6.593604431732021931e-01
-7.291878073156803364e-01
-8.994309633957842109e-01
-2.244845286501190307e-01
1.446613542372171268e-01
7.845594194561410495e-01
-9.914517452264577368e-01
5.657651856685311786e-01
-7.583432844620882074e-01
-1.794332056074590120e-01
8.471766192653277239e-01
1.272737082641120510e-01
-1.012890160538998385e+00
1.395830482305298326e-01
-8.999563002841969306e-01
-7.538233993670073740e-01
7.141660402449024891e-01
-3.041551651645256205e-01
2.686395645954091083e-01
-8.210039533829358582e-01
6.194004278067603841e-02
-1.021446441896709301e+00
-1.048752207184660890e+00
5.606955933902468825e-01
4.090810308170277354e-01
8.699578930131562915e-02
-1.969951802893150083e-01
-1.757713564811889118e-01
7.327971487646763871e-01
-9.061148647150266133e-02
2.218197342233344249e-01
1.219363563785955812e-01
-3.720119150560103338e-01
-3.465087822961449016e-01
7.558603224325980419e-01
7.469522786515991886e-01
2.637121736536608418e-01
-8.255531059274399119e-01
6.810054104620121007e-02
-9.575491930401691665e-01
-7.213374896425041038e-01
-1.226337985533578201e-01
-7.335259549159566239e-01
4.347390644585166219e-01
-2.352255564263341370e-01
2.682992707679499045e-01
-3.858376943786048785e-01
-4.216839201514718249e-01
2.379485352889074423e-01
-7.362697838237820536e-01
5.053973250718064580e-01
6.466527226416487473e-01
-8.353455902281522460e-01
-2.248721973050455403e-01
-3.380028529402852588e-01
4.234644039331177945e-01
-7.349951299199002364e-01
-2.623196567612840480e-01
5.760914621724845253e-01
5.375391435478977797e-01
1.166292899129628829e-01
4.944627667499318369e-02
-6.338227745776868760e-01
-7.793022194708535411e-01
-3.681965477115610730e-01
-1.016701612131626908e-01
8.127307172283685377e-01
8.594826041320564602e-01
8.764377454191667471e-01
3.697421628575018326e-01
-5.081525181659806156e-01
2.308480536627140756e-01
-5.156255297719769537e-01
-9.534609659202947229e-01
2.528380780757163437e-01
8.281660365094285492e-01
6.063669075753762572e-01
8.466213419014221309e-01
-9.016521556635074264e-01
7.336758264763050263e-01
-5.854628438114564126e-01
6.391617509350946413e-01
-9.452623369842829693e-01
-4.228006807817242391e-02
-4.801427712794387181e-02
1.995743011940028788e-01
2.103516016099895303e-01
4.501330017358369240e-01
-9.867416580381718205e-01
-1.411991650105076102e-01
-6.800468545051382430e-01
6.850447114369025980e-01
-8.915853577811063690e-01
1.565151735878481387e-01
-8.572959158695746540e-01
-7.259172318543117841e-01
-7.092743221702301204e-01
-8.801340662013694693e-01
-6.754962255181962139e-01
-7.964812248334643963e-01
-2.793505619960047759e-01
-6.808723072229050377e-01
9.924482689619693598e-01
8.725714822273165916e-02
-4.763364146327769277e-01
2.885233799705049229e-01
-5.933234595172960368e-01
-3.696069508182154295e-01
2.754878030983980430e-01
-2.237632588314344972e-01
-2.426054997340496289e-01
3.593338954028273968e-01
5.276282732688822863e-01
-8.023405656860230772e-01
3.514582917004458601e-02
-6.506427115550934559e-01
-7.112270136372138563e-01
2.505056657649567045e-02
-4.018037006735078465e-01
-3.967621290836627623e-01
3.731764549826681598e-01
-4.599084517611447542e-01
-7.381473681582939594e-01
-2.141218210473321559e-01
-6.763457437431396047e-01
-4.221691276502116952e-01
7.049996832880441877e-01
5.482247602397420927e-01
2.519647838284163610e-01
5.604957224830166007e-01
5.238798492588213618e-01
-7.134963868785256791e-01
6.137577389480455281e-01
-1.637816209946383328e-01
-1.985020216837758145e-01
2.228359015614678473e-01
4.194100569725081051e-01
-4.658285337291495631e-01
5.831196948129134805e-01
8.258410465134087275e-01
-9.659775502674539105e-01
-9.748654260352035417e-01
-3.535778887281639249e-01
-9.522562507058038861e-01
-5.032710341956933009e-01
-1.153898520908173270e-01
-2.722375085377466419e-01
-2.243366142873727542e-01
-8.198631154118839470e-01
4.116317458247593097e-01
-2.619143010011682482e-01
-1.001870638892721654e+00
-6.569575499624318304e-01
4.555954054195049951e-01
-2.394423857713098847e-01
4.025509332555065045e-01
4.374054842114744046e-01
5.030605820109607107e-01
-5.844350510872968751e-01
-3.913615558646786341e-01
8.942791733879293936e-01
-1.844707653797695787e-02
-1.326978804633786868e-01
7.369353195407009061e-01
-1.047970556992578794e+00
7.741619906669232609e-01
-4.464146745366718849e-01
-5.030687991493718592e-01
-8.371291343325913958e-01
8.549022342123981932e-01
2.728571986920907411e-01
1.655534202825277024e-01
4.488014176857123005e-01
-4.639301613348698616e-01
1.155657820890076959e+00
9.430202207190947483e-01
2.326020216354584835e-01
9.620044343822647948e-01
9.740484181396252827e-01
9.785199508719524264e-01
-3.723764173534918065e-01
1.802608427579072137e-01
-2.672517763122333467e-01
5.298742687678462682e-01
-6.231564091520419568e-01
-1.931404422419689682e-01
-2.702497559941328120e-01
-4.459706769574888104e-03
-2.453599748935085534e-01
-3.775192832123368536e-01
-3.209727313769148438e-01
6.832615369707897290e-01
7.147766775871705613e-01
-1.364176707247413967e-01
9.489792116253835397e-02
7.634135722234013377e-01
4.276375659501527871e-01
-1.134408464856635594e-02
6.432713997234300596e-01
2.160847217782662089e-01
-1.243857842537237218e-01
1.041225574314594393e+00
1.344251333806645077e+00
2.091008856814668415e-01
8.890811738521271490e-01
3.608245271103683316e-01
6.065179683011595602e-01
1.416023106837011492e+00
8.132614340681509901e-01
8.938318461161476325e-01
2.799435743826660383e-01
2.095665215039480278e-01
-9.637218006832263262e-01
7.681958313526628945e-01
-8.284880166300515603e-01
-5.389720222280250939e-01
4.731458521731434774e-01
-5.275460939733560561e-01
-8.287574771937841200e-01
5.367189042426202539e-01
-2.955689048543753139e-01
2.184473916665548576e-01
-1.050970208892947344e+00
3.440490435602617247e-01
1.037838730799247378e+00
8.138161580517084825e-01
-1.021102787590298794e-01
-1.190210344007723575e-01
-8.154651779272819034e-01
-5.639377420591379364e-01
-4.101255073502675375e-01
9.834550719629383542e-01
-4.277918882218106900e-01
-6.769645609592812585e-01
2.461461988085333896e-01
9.022270515190233819e-01
-4.426111062731586387e-01
7.752426118005566469e-01
5.924854887336689080e-01
2.659638470878186722e-01
1.895414329906495443e-01
-7.871644846593336409e-01
5.890084643972622741e-02
-1.635541896697135233e-01
-9.188252331639898962e-01
-6.244264419355408796e-02
1.814532156683287267e-01
5.159161152663498812e-02
1.290364318648811424e-02
-3.717040380737459127e-01
-6.472728238998073369e-01
-7.832233676527607935e-01
2.840501007003653350e-02
-6.507308925926666432e-02
2.489943664683837987e-01
-1.263208530737099655e-01
-5.048998938093920419e-01
-1.246118437837250736e+00
-6.754012112965976922e-01
6.626081989046427312e-01
7.504549028833469304e-01
1.146899583952524226e-01
-1.977719347521444265e-02
1.791141452931857836e-01
-1.201116398812356323e-01
5.751717502122888348e-01
1.753556914009365697e-01
-6.023865266054164724e-01
8.894089400743737661e-02
-4.368071600344319849e-01
-1.162098408084644596e+00
7.401212543925298482e-01
-2.834405247078930490e-01
-8.416469051179024108e-01
-2.179954668407108886e-01
-1.196051030254096759e+00
-6.347005599722421731e-01
3.591650711625353765e-01
8.675564428163827779e-01
7.667091946925491674e-01
-1.027249038824611382e+00
5.641618419368428228e-01
1.821458119595534553e-01
-1.156436548684918741e-01
4.838927054324280719e-01
4.313848879883536713e-01
-1.181944957001235252e+00
-7.031510796164968102e-01
3.071490298145314601e-01
5.166423509595444719e-01
3.709667821499002538e-01
-1.056365222656255654e+00
-2.184972409002496896e-01
-5.092648695879172793e-01
4.119247231001196830e-02
1.127071446386114228e-01
3.420389581613608176e-01
2.755887899791520379e-01
-4.931897395631622549e-01
-5.051107931199184664e-01
-8.741280835640073965e-01
-1.008955821444921686e+00
-1.775708049416060696e-01
-1.804762411020907897e-01
-1.801412012891702163e-01
-6.752703318295405488e-01
7.838779163162482577e-01
-1.614044029247678758e-01
3.781612085481059760e-01
-1.223114147397466045e+00
1.649734975511258361e-01
6.017586506571168670e-01
1.468109022303358269e-01
9.123107594545519783e-01
-3.046468852337184605e-02
-8.933263528334147718e-01
3.417154328198537261e-01
-3.699257428780620693e-01
-4.021043211405877366e-02
6.825942429951850077e-01
5.348991210526496953e-01
1.402671073507407995e-01
7.912552380818447251e-01
-8.548153751348668283e-01
6.746207862056492477e-01
2.015280236695709826e-01
-1.066141113101585658e+00
-7.234955495662395708e-02
-1.613007810626023719e-01
4.162933394936494946e-01
-3.742962995359133127e-01
6.165209084953742202e-01
-5.835143720305921988e-01
-4.878349142061122468e-01
5.929406061820701179e-01
1.200826505858511722e-01
4.805799091290622327e-01
-5.652369727453480097e-01
6.943657874487240145e-01
-6.486343032024837196e-01
9.015772446495525783e-01
-1.184111080952919837e+00
5.548643973380000816e-01
2.202183732280630080e-01
3.447836970974039184e-01
8.395071556135754731e-01
3.630563726862133800e-01
-4.789536096881379934e-01
-2.228835484983486825e-01
-7.541883408645480014e-01
-7.155993623970274831e-02
-2.918172055475167781e-01
6.756908780043124896e-01
-1.685829657412326321e-01
-1.918899435866316394e-01
-1.287357395777853353e-01
-3.443960973393532243e-01
-6.011861302273856511e-01
6.334955097913276267e-01
-4.798801004564796080e-01
-9.428745548711883195e-01
-1.677589211559323001e-01
-8.622405456642166788e-02
7.255005846723746599e-01
1.864008064525379538e-01
-7.692102655842812664e-02
-4.476303387554119717e-01
-4.401100177192666107e-01
-7.731961781288163582e-01
-3.568164486974993999e-01
1.836238589606824234e-02
-8.458469588179735599e-01
-4.563524403504951588e-01
8.413292733002620816e-01
3.465317890466584894e-01
-4.876738396695881606e-01
8.133522145007011650e-01
1.177443954736211718e-01
-1.007663517324553615e+00
1.556276483194219372e-02
-3.364529653727106329e-01
-4.825422782195920579e-01
8.384845217611525126e-01
3.265605707465408791e-01
-5.159007752627066401e-02
9.357978644397760282e-02
1.642343220235718548e-01
-5.932165187856767163e-01
-7.671914509088041678e-02
5.422263609905531023e-01
-3.393420809016789996e-01
8.980934475263848693e-01
7.411317595172275396e-01
5.777472402526880393e-03
-5.972002714854668382e-01
8.896362540339045610e-01
-4.357206147633649329e-01
2.476696497798129282e-01
4.198896722695997230e-01
-6.801581790605124578e-01
-6.834263010441559150e-01
-4.764846818910420945e-01
-3.109939761836672534e-01
-7.729552063163258602e-01
7.424560414813009546e-01
5.379102813809920614e-01
-6.003578698250412460e-01
7.652837647542561905e-01
-8.236411886490691003e-01
-7.831662100126272064e-01
-1.844783544965208633e-01
8.642637201659756352e-01
-1.803177567414740792e-02
8.856320063792334496e-01
-7.533393649216378885e-01
2.439530215926561107e-01
5.749150001014011746e-01
-4.763144273364313674e-01
5.290560527960691539e-01
4.714666857328979332e-02
-7.088021107133961329e-02
8.048055090038152004e-01
6.302449965596963466e-01
7.708444128912282922e-01
-6.199189790496781871e-01
-6.038397424946684300e-01
7.851079491058687854e-01
9.768148248191947658e-02
7.338288719252439307e-01
6.051417833884525921e-01
-7.226540548132798225e-01
1.782239286455509220e-01
7.895258212306691670e-01
8.497396061018677171e-01
-4.136434382741641103e-01
1.373794652185356679e-01
-4.510335223028728580e-01
-2.994261971886728046e-01
8.948096747918257154e-01
-3.498461505819486783e-01
3.206074526015439408e-01
-4.670325542259384233e-01
5.813892112820273628e-01
8.304593677218011227e-02
7.570315304430210723e-01
-5.432348506203657501e-02
8.958711435700823511e-01
-9.617289853893769003e-01
-6.697755910554197278e-01
4.852166680555617395e-01
-3.458098520065287784e-02
-2.504774546856244899e-01
-5.531760082363600395e-01
8.003368956438319248e-01
3.921681201724867005e-01
-4.467703176444993707e-01
9.930556127865780569e-02
7.892540624285777628e-01
-1.694016001992291187e-01
-7.384065258086472960e-01
-3.937227165664590189e-01
-1.004020390482398772e+00
-1.081189946007729968e-01
3.347866731559019926e-01
2.452601859348507718e-01
-4.288061200137954776e-01
-5.426451334759440082e-01
9.661717745817153258e-01
-1.895927164649880911e-02
-6.484733432891299776e-01
2.435605976823025653e-01
-6.499665914879508843e-01
5.980831090770700742e-01
3.827333599737230418e-01
1.152838532763386659e-01
1.775759818558027836e-01
-5.658227284310752836e-01
-9.303436994411028449e-01
-1.991667509352206822e-01
-6.589993691521013330e-01
-5.885337803195517248e-01
6.748920082328454528e-01
2.653852675679715944e-01
-9.878416642987388752e-01
7.750200100982720386e-01
-7.772375641277901037e-01
-2.269304881402162966e-01
1.338570788193972350e-01
-5.580554719691435128e-01
-7.233732314926470952e-01
-9.937320854288166361e-01
-9.711142199330732860e-02
-1.566460943646025561e-01
4.802758009200430722e-01
-7.170018461732123871e-01
-6.701749893821111748e-01
-7.258869203338601528e-01
9.402276010819195229e-02
3.123538419697387547e-01
9.156289993944295713e-02
4.892472762652233520e-02
-4.649341781646957328e-01
-5.125712047203418997e-01
-5.572807683388418809e-01
-1.061499325396826794e-02
-4.832769538890067107e-01
-9.832904967489547454e-02
-1.029530886509836929e+00
2.765495171430279453e-01
-2.909414117888117768e-01
1.895753826293780087e-01
-7.166107907784050601e-01
3.722582682472127397e-02
-2.318879830540364895e-01
-6.119569083171405577e-01
-1.149870296901748024e+00
-4.478805288327328826e-01
-8.842163152399514781e-01
-1.747052944442989419e-01
-6.628133708241749078e-01
-5.740435523460390987e-01
7.689985962716283652e-01
-7.343689017712464739e-01
4.447201373470125452e-01
-1.094402343903265185e-01
-1.684864781987305549e-01
-2.172146414359563127e-01
3.495848335889836234e-01
-3.439116697759158625e-01
8.231120339312936185e-01
4.923132927958496219e-01
8.585816793152304394e-01
6.970508651749508511e-01
2.423652904689997667e-01
4.180167704576573384e-01
3.736081765667467747e-01
-7.740551420663466242e-01
-4.402905956656809061e-01
3.884892045576467390e-01
-6.849391567436231565e-01
2.282248895226461627e-01
-2.507898251021656866e-01
4.730074820641499977e-01
6.100068815357388985e-01
-9.932417827905564156e-01
-4.570786838828679866e-01
4.886204317956007737e-01
1.096282507376677984e-01
6.298096587075892039e-01
-7.421546912438565791e-01
-1.147471164928708598e+00
-1.017038807326309469e+00
-4.201864364542273189e-01
4.903818956629151793e-01
-5.582304764226583282e-01
8.105310076179739198e-01
-4.952539753327467875e-01
1.288404994846851226e-01
-8.500662852941522907e-01
-8.591040141478361036e-01
-9.535113251872133766e-01
3.837890137787242639e-01
-8.548883501618822489e-01
2.934922563026634568e-01
6.042555767591350352e-02
-9.870676993809828215e-01
9.095913177307685116e-01
-4.972957391542360411e-02
-7.013792060236705428e-01
-4.146653625565240309e-01
-2.643287724426475194e-01
7.513027396376557032e-01
2.902233576117614344e-01
-8.039975251628392883e-01
8.100253128136164493e-01
8.708013068680513502e-01
-9.058301066742778795e-01
-7.937352238119121939e-01
5.776137960696989815e-01
-1.944288525140666357e-01
1.231995472293341554e-01
-2.503448319382733378e-01
5.514912041372236340e-01
-5.762491600745451859e-01
9.465628122170324787e-02
2.891524096742553174e-01
9.143402025117582932e-01
-3.814903375442011413e-01
-4.059318355549978996e-01
-6.565282856504627285e-01
5.052033130473997796e-02
-7.985332835448355482e-01
5.884039411239430084e-01
6.498102164290822658e-02
7.603068501058276585e-01
-8.651395290627316159e-01
9.787249056827079796e-01
-2.689777941840456599e-01
-3.233906691708257619e-01
-1.466744057717365435e-01
-9.047168968391031685e-01
3.198241513676156611e-01
-6.294924144578822878e-01
4.421377428321846548e-01
9.016429719290831590e-01
1.863359709603647218e-01
9.168454176388191046e-01
5.367586337045806566e-01
8.276470528710259122e-01
-1.211865849718289645e-01
1.163530487077281267e-01
4.704708620719634804e-01
6.198219751737246153e-01
-6.082665878888305899e-01
7.248331222932966611e-01
7.401402856952687959e-02
5.347896714146517239e-01
-3.328294074338116748e-01
-8.466627230659430625e-02
4.335096264714671799e-01
9.343666657242137852e-01
-2.142603357541824627e-01
-8.849892125401047638e-01
-7.813002207226862339e-01
1.148896114322165013e-01
2.517045199249972609e-01
-3.758019397351218815e-01
1.407332467964390321e-01
-8.305260126660634068e-01
7.785585447441505103e-02
-8.268655615058797537e-01
8.807599006662440999e-01
7.154557661538286650e-01
-5.399384389762381664e-01
2.769436920749211439e-01
8.739332910702817259e-01
-1.608219554064387324e-01
8.250339764787550934e-01
3.295978819903810919e-01
-3.159790587601180034e-01
-4.383559620164636517e-01
8.576829402195291774e-01
-2.963328974995350085e-01
1.004927695007081130e-02
-6.053713389681160129e-01
-6.026990363189003164e-01
8.415266333276733013e-02
7.054553182693320545e-01
-1.284677188715621921e-01
3.995517412205471519e-01
-7.921003008835147963e-01
2.701603534652852190e-01
2.946868828605325175e-01
8.223243072006869436e-01
-4.511264035202693923e-01
-9.193024453822673525e-01
3.973218040257898709e-01
-5.837934575850625141e-01
-3.103280720558986849e-01
2.752237440619767495e-01
7.396906492713062331e-01
3.797637184158904056e-01
5.944288066982674756e-01
-3.991469908960386115e-01
-7.083371122141256526e-01
7.255229974207449972e-01
2.916041577994162304e-01
-1.013703412709488605e+00
-4.598109206318798381e-01
-2.173093121929661198e-01
-5.750780044130313073e-02
-2.205643315875071564e-01
-1.098027824382794115e+00
6.472891259920356966e-01
-3.271075953550856563e-01
-4.364074667628694559e-01
4.369260626728648234e-01
-1.063363731564074710e+00
7.713186685832472689e-01
-5.603205369552978210e-01
7.065611616686411356e-01
-5.146032383115588527e-01
-7.881540824928601197e-01
9.330125675568881061e-01
-1.392851103525833134e-01
-9.459289416403668938e-01
-9.178639604644507344e-01
5.151069856698317073e-01
7.007023927524783646e-01
8.925456274454038885e-01
-5.955999566214554841e-01
-1.149118830173932607e-03
1.359169490815034798e-01
-6.115351978577958647e-01
1.793426910203550495e-01
7.662195413171987157e-01
-8.496631789692522529e-01
7.710916385295009112e-01
-5.302545136737274456e-01
-4.050915015020787879e-01
-5.477510512129617481e-01
6.527559274666140388e-01
-5.201941459835125459e-01
-5.234513879930364766e-01
3.119016730322498598e-01
7.083395523616657641e-02
-2.098787225304727944e-01
-7.390032951202279987e-01
-1.726338739501847019e-01
-1.072026235290964545e-02
-6.663078244819904405e-01
9.192743178959960071e-01
-7.955215097070411634e-01
3.393217213837317336e-01
-5.329673782022648770e-02
-7.534459795806737192e-01
-5.471352951991816926e-01
6.574925043483518562e-03
-4.371119831856582622e-02
1.021821786087771661e-01
-9.709304050668852992e-02
4.508741147330849741e-01
-6.154167515567916524e-01
-9.268594150720498304e-01
-8.429329138450509032e-03
-5.685236913022282401e-01
2.250535468227609082e-01
-2.560034256312513912e-01
6.353825419444899536e-01
-6.439192454411368782e-01
-4.813326448963746729e-01
-8.923504164883371281e-01
1.495550461910093998e-01
-1.614888963461018900e-01
4.432304046420689758e-01
-1.263862322336926913e-01
3.518735654919201705e-01
-8.455891377557818167e-01
-3.650501862682462711e-02
-4.766984213804486004e-01
-5.231234346170773319e-01
5.207126517477679295e-01
-1.011979222029210090e+00
-1.003844071990313891e+00
-8.232824467835779814e-01
8.274463827585138986e-01
-7.437895036113814085e-01
2.623859678727544775e-01
-2.044877949969709230e-01
-9.363108373175725585e-02
-6.899829548274776236e-01
-7.621390987232422309e-02
2.282702368784946534e-01
-2.939777734096634676e-01
2.587857319996874073e-01
1.408578366177257735e-01
-5.452140069840259035e-02
3.276909735469530349e-01
2.287622891597312358e-01
5.813454578925085769e-01
8.148225078165470814e-01
-4.446646427902003484e-01
-1.870711815619975071e-01
-8.722555633304462930e-01
7.266462739530862303e-01
-6.709525349730508514e-01
3.841540808192386303e-01
2.547410725968143330e-01
-5.284934735858054511e-01
8.169047876026944710e-01
-9.438955481651557511e-01
4.439842853708255155e-01
-6.373299311902851372e-01
-9.872509180240451876e-01
1.969203786350287033e-01
-3.862355956468941920e-01
-5.987930815505444482e-01
8.239364045068872655e-02
3.203782495542905479e-02
6.757090923572618424e-01
1.953387719026019598e-01
-3.853688212389141943e-01
4.175212481470300663e-01
9.235650467684134446e-01
-2.834376212543385232e-02
3.238172688020427570e-01
-7.462857113855009272e-01
-2.139671594154234080e-01
-8.447502736096476061e-01
2.155501247078239757e-01
2.416521467162110470e-01
5.869716271945040198e-01
1.106808324715310987e-02
-1.051246220164754774e+00
6.610949846394890139e-01
5.785150621502166413e-01
-9.907340069774099867e-01
6.151667479629077118e-01
-1.762200243995625526e-01
1.535488533567365976e-01
6.274544772775519919e-01
1.337979695000509894e-01
-7.001976715998993461e-02
7.705109105076806131e-01
3.781351456124720095e-02
4.002119487078223403e-02
2.699601643249333605e-01
-7.568016048446970512e-01
-8.894393764973974603e-01
8.430678503431136006e-01
6.162366732374976452e-01
1.545949742671685057e-01
-5.206793506778305547e-01
-6.417286441761211879e-01
-1.756780799454889797e-01
5.231167923424527855e-01
-2.831931187487287671e-01
4.032100572030507535e-01
2.606613824485412567e-01
-3.502176202743048639e-01
1.699756824630947183e-01
6.467864806341719897e-01
3.334432535328238356e-01
-2.197275659184043106e-01
7.603627161851296279e-01
1.931991818186779009e-01
-1.009902676980090952e+00
-9.437079716020375653e-01
-8.491122299658530048e-01
6.345580825335820352e-01
5.359092641780673905e-01
-6.024893867991893970e-01
-9.326358033175383699e-01
3.532755872430702604e-02
-6.161515432835077410e-01
-3.132271729323514164e-01
5.780290373503229606e-01
4.886292376690988259e-01
-1.118106567271542229e+00
-3.911150108866984221e-01
-7.711306234138759486e-01
-7.941313643806678924e-01
1.997539675249305480e-01
-1.460164149042564308e-01
1.686028381718279456e-01
6.168336269556508045e-01
-8.332357391785972789e-01
6.481692228344080320e-01
-2.778869571396631044e-01
-5.878606977084981366e-01
5.215548776680636323e-01
-7.806689539827422752e-01
-9.890033570854518397e-01
-1.238172133855297147e-01
7.010107988518421429e-01
-6.824488376142233692e-01
-1.098095365344361474e+00
2.688946231724899660e-01
-8.055582855528839459e-02
8.608151759639166567e-01
3.102073335473355398e-01
8.519090505730474439e-01
6.230659404766059062e-01
-9.867787314673269472e-03
4.469976711768120503e-01
6.003603623845102932e-01
-3.187185856897264413e-01
2.976584809440583346e-01
1.052744407469941690e+00
-6.086193314118735209e-01
9.624979915326415947e-01
-7.607381834530797526e-01
7.383300332794074938e-01
-8.708252122598398870e-01
-2.728631943060056894e-02
6.381293185232549403e-01
-2.992206523952024577e-01
-4.574365488463110752e-01
7.131692924363423058e-01
3.680663072791528490e-01
-5.860932106539226139e-01
9.076707944095432357e-01
-3.351368191077428449e-01
1.453598111066879972e-01
-7.671329051239710317e-01
8.060059845183693492e-03
8.281192891430042557e-01
-6.821926591546336738e-01
-7.326338578284457004e-01
-8.873085976116221740e-01
2.329089683171935432e-01
6.676801503219023659e-02
-6.900728136103961852e-01
3.667453893272941134e-01
-6.965312375801034905e-01
7.193033390742564759e-01
-1.880234773056752573e-01
-4.312188109516478796e-01
2.848464519964669095e-01
-6.380324638899872447e-01
-8.225349576081721903e-01
3.626792494210444584e-01
-6.534743315633071425e-01
-4.082874275159899535e-01
-6.073884423388502540e-01
-1.449750559396710270e-01
4.165922856148221443e-01
-8.259894640824873013e-01
-6.248974445954293966e-01
2.364636859088235787e-01
-2.349039543270744004e-02
-2.861093693501698954e-01
2.685792976932842024e-01
1.635226465295597231e-01
-3.942929876708051173e-01
-3.713455227486627819e-01
-3.741097599752166714e-01
2.658424654013520350e-01
9.744924498476252861e-01
-6.483962810023813361e-01
-8.432920710681620635e-01
3.476234166025459361e-03
-7.638596491465056426e-02
-6.861160226370400794e-01
3.719783132858682784e-01
-6.813399428624862253e-01
9.307005007992665835e-01
6.904532462611221444e-01
-1.507865416639065370e-01
-3.531404430840091035e-01
-6.294556084226091697e-01
-3.369992590495913820e-01
2.922162903287952029e-01
-7.096692034008083017e-01
-3.895872789435768091e-01
1.254235756250883516e-01
-4.481372698259390996e-01
6.888669062937762266e-01
6.440882134275970339e-01
-8.609867275118857632e-01
-2.719213009314332963e-01
4.136536620411408460e-01
-4.013357004334760503e-01
6.140577823152170156e-01
-1.092302771328488520e+00
-5.742445265498000717e-01
-8.352666450108637841e-01
7.556336447144594848e-01
5.448214162906376279e-01
-4.561144692808412615e-01
-9.314458397735474460e-01
5.947915700233796787e-01
4.391831276100457981e-01
-8.655315388848936475e-01
-3.363775572765370647e-01
-9.592657663078369978e-01
6.095914075188076792e-02
-1.787389757230831433e-01
-6.374091178703430449e-01
9.938837737821572260e-02
1.920042460192235567e-01
-3.721803069744073489e-01
5.261957948058759715e-01
6.929337545837048751e-01
4.445460549769896241e-01
-6.982149689336909493e-01
5.574721962513773388e-01
2.510385302347681868e-01
5.568343807669573486e-01
-6.815291241792564847e-01
-7.183038116450590760e-01
5.162671732648155265e-01
7.403640989900343028e-01
-1.122642769237814919e-01
-6.582175193179765071e-02
4.743531820963350354e-01
-1.009024564347855923e+00
-9.607785662308755414e-01
4.911856467919281100e-01
-5.688684003976848258e-01
-7.603897003133568422e-01
-9.269184725351062859e-01
-6.553100220102651141e-01
5.554491486913027964e-01
7.222284384874350094e-01
-6.511546701997329434e-01
1.244907670661386627e-02
5.619453624403185632e-01
-9.050772894382281830e-01
2.054883047078238101e-01
2.523641531214570466e-01
-2.420659463216252860e-01
-5.948696289202287657e-02
6.138803260372318604e-01
7.150180923939435107e-02
-3.609206320781409572e-01
-1.001990492328551086e-01
-4.630303885189812063e-01
-2.975843678613411813e-01
4.392036291143933124e-01
-8.274694515798332040e-01
-4.635326499439003656e-01
-7.338120219189924187e-01
-6.976702050193444027e-01
9.022527441004031257e-01
-9.214721880152678679e-01
6.170921938501009452e-01
-5.969397084002305842e-01
-3.337905735270629143e-02
6.226813884807185645e-02
-6.650144089870873021e-01
-2.371406808575608482e-01
7.216274345403423940e-01
-1.812443043540231669e-01
-8.882887783399279202e-01
-5.716754059111149866e-01
5.384021174803869103e-01
2.827217617336543753e-01
5.661964166457707226e-03
-1.389277373651340852e-01
-6.617744046557323401e-01
5.393227637515822792e-01
-6.592733496602380949e-01
4.254301087831539596e-01
1.124132623842829942e-01
-9.422109882294721350e-01
-1.805059703989387587e-01
2.568486168525941915e-01
1.236183317554836181e-01
-1.145100104882735614e+00
-1.829762667020684574e-01
-7.947485656608148652e-01
-9.423883327358584250e-02
7.859272293003261023e-01
4.347948363928568205e-01
-7.155785396924215780e-01
6.529652072347896796e-01
4.741627094990846780e-02
-8.444285505101126743e-01
-5.654304984305187354e-01
6.206687165290282193e-01
-1.025749247254381935e-01
6.155534694666239121e-02
-1.690250597151760348e-01
-9.972048192840372582e-01
-8.018169601124117696e-01
1.093595878426578405e-01
4.959768919291474565e-01
-1.522783320687580710e-01
-4.806482669631553101e-02
-3.770305974085086942e-01
-4.000620626057766471e-01
-3.316943061821416294e-01
8.725717249420705812e-01
-1.196424331541657171e+00
-8.560709989412363941e-01
4.735569191775613751e-01
4.121450277984559096e-01
3.837547897763545213e-01
5.016252540821188877e-01
-7.171984300778840860e-01
6.060847248354697125e-01
-1.105092677448281879e+00
2.591947881060637227e-01
-9.538340137057070567e-02
1.970934012362397791e-01
5.291607221827772101e-01
6.216497347516394267e-01
-8.155008936083456561e-01
-2.435253335050645562e-01
9.152278572424243919e-01
-1.160384405657473250e+00
-1.083396651806879385e+00
-1.090184394612961238e+00
-9.458767108474822605e-01
4.842964021826323129e-01
-9.244719408983136377e-01
5.519293110104308564e-01
4.234453633663884942e-01
5.113289500157455203e-01
6.046815619295705657e-01
7.873161291009164175e-01
-3.588002971764124860e-01
-6.571654860926614550e-01
6.769636920572469352e-01
-1.837888461717194222e-01
7.046086215920284168e-01
7.858561990291140775e-01
2.467790533991450624e-02
-7.887552966178750236e-01
-2.203849434692407572e-01
7.328331563850137842e-01
-4.345143670640700950e-01
-6.843717756577158973e-01
-5.322236789923491251e-01
-5.134198074601044326e-02
5.236686162855885840e-01
-8.828893594695562674e-01
-3.590647515227856634e-01
4.625970118030837130e-01
5.534133417909196107e-01
-1.012040809770718974e+00
-5.259015452104920385e-01
-6.311381947218535071e-01
-3.471997181184773296e-01
-2.666744916181709169e-01
4.895871331117510605e-01
6.886677292517772164e-01
-1.178564817954260158e-01
8.362056992329877092e-01
-7.145499895474362040e-01
-4.207441751850514167e-01
-8.923624821249629413e-01
1.438012475148308378e-01
6.101099836682939426e-01
-2.165762271445395015e-01
2.428660488726366515e-02
-1.078104851926580787e+00
-5.168226259754660212e-01
6.481715845923785579e-01
6.662412298834035074e-01
5.861056322661798573e-02
-4.193572243219055307e-01
-3.079693985559255331e-01
-4.048980761868001266e-01
-1.000489120412416444e+00
-5.701378268775363772e-02
1.280797727702531232e-03
-9.007594625641404118e-01
8.707239413533038874e-01
-2.158132577647826622e-01
-6.436622135908511844e-01
-8.702449429602976405e-01
-9.953695024344654252e-01
-8.882775295603870802e-01
7.636379353550333260e-01
-7.597583318213535497e-01
-6.618242546968414741e-01
1.817917880218661575e-01
-7.407950562568244024e-01
-1.045693084446419840e+00
5.233777177723191176e-01
9.027660606655433240e-01
-4.751333853615460345e-01
-5.318917267586544817e-01
-2.449748662118286791e-01
5.034868290211065300e-01
7.745099394662983139e-01
6.049274180114908583e-01
8.616806855985460478e-01
8.202461676096439724e-01
3.931003068749363560e-01
-7.450103607852482934e-01
8.720873505549117111e-01
4.622687665260395012e-02
-1.083437421057262783e-02
5.513855969050480699e-01
-4.907065989344036039e-01
2.643987050342760242e-02
2.569433862968903415e-01
-1.187849234044915603e+00
-9.222782782712756200e-01
-4.031905644713388304e-01
5.467587207033364205e-01
-2.239516063181964667e-01
5.200602065315806932e-01
-8.065308941459993219e-01
-8.045961422069859426e-01
-7.360591505961450176e-01
-2.039644406176196745e-01
-7.905559096399980001e-01
5.026434622584706469e-02
-9.341079615338697684e-01
4.034871503026838391e-01
-9.248234133041735028e-01
-7.426007761593077516e-01
-3.398764026826649465e-01
1.676341984992150702e-01
6.450887947218783003e-01
-4.898292895195163199e-01
4.216787111512111941e-01
7.830699709225955596e-01
-2.102724133238278448e-01
2.818973694858399326e-01
-5.187373141799251908e-01
6.183103391253862435e-01
1.495079227122167280e-02
-7.461085926836961146e-01
-1.537713765984594361e-01
-5.409196778830351882e-01
2.576273745596003306e-01
6.143570815499043158e-01
-4.458862479253158928e-01
-3.189808286628044165e-01
4.011109311062703298e-01
2.676545289273707939e-01
-4.925464494532130755e-01
-6.732761479870776888e-01
-5.061797591618822922e-01
9.404645475730297743e-01
-1.031362221650213185e+00
-3.755935037540327204e-01
-7.118385166335106096e-01
8.197841348897644265e-02
3.497779459354455334e-01
-3.209585790924823767e-01
3.424664979300403589e-01
6.877006570360325588e-01
7.807963293060510290e-01
1.009868059611316315e+00
-1.133964228678972508e-01
-4.893327737050990889e-01
7.873805737560399809e-01
-1.069650997923037444e-01
-3.175640923006542438e-01
5.762465638064702134e-01
3.424303935282940747e-01
-1.082138207919015327e-01
-4.082450322009882338e-01
-3.599005804454250002e-01
-1.834204859869537074e-01
-4.987177295556998180e-01
5.620578268323723758e-01
-6.550942934270687079e-01
8.798512731136217679e-01
4.704848079147144202e-01
4.329232994574629123e-02
3.696274495485462469e-02
-4.179963634614278223e-01
-9.345355289326656711e-01
6.413960892686766391e-01
8.211416599105005876e-01
7.593309989964599493e-01
-7.267069789989665241e-01
8.028970202943022105e-01
3.680670107664441026e-01
1.250277284490992902e-01
-7.179845758523722976e-01
1.794926852983570742e-01
-3.278674882976650995e-01
-2.404196876590938281e-01
6.095105141138235094e-01
-7.276459601669412747e-01
4.945279758754710792e-02
6.007104442452411153e-01
-5.974153311345861139e-01
-4.606562613530467143e-01
-5.024770833129729164e-01
2.748143068497609365e-01
-6.931410135574177511e-01
2.526050102623738636e-01
-3.046117094776478740e-01
-6.367493664698946343e-02
-7.050586757705923358e-01
5.225835333758955814e-01
6.155511957542791901e-01
1.022434248563738546e+00
4.220899211296353370e-01
3.008737416218956739e-01
5.486289359685478928e-01
-5.756526338012014632e-01
-3.956641560612990660e-01
-5.463791737452795561e-01
-9.332688045004209343e-01
-6.748535999841325239e-01
4.357032953372964035e-01
8.012462840641904060e-01
-1.312802390578264311e-01
-9.209733703929965376e-01
-9.606708845622151660e-01
-5.622035868309611661e-01
8.615077185805485316e-01
-5.111006278309245809e-01
4.104042911159088147e-01
-1.269144130208562371e-01
4.794375608975369185e-01
1.383902787383121391e-01
-8.196051125690049233e-01
-5.708859515125401796e-01
-3.978427415394151789e-01
7.257299393613121374e-01
-4.666205097994596263e-01
-2.859304895321512219e-01
1.915347247411118559e-01
-8.467787150236126825e-01
-4.944471203193865350e-01
3.239749827451749442e-01
-2.210440074597203319e-01
7.080969327072870190e-01
-8.339837251194590628e-01
5.215551156132987032e-01
3.391538043016931181e-01
8.490619985801941549e-01
2.210130423793550125e-01
-9.262564215207670371e-01
3.812868569391943963e-01
5.705302011767344750e-01
4.524017158872195021e-01
2.387570904769212021e-01
-7.505434016514149764e-01
1.129079456695726430e-01
9.209813826345727983e-02
-5.873871276668266583e-01
-2.686627503810244399e-01
2.081531987569190945e-01
-4.088320300053495393e-02
4.080164059754965433e-01
-3.032772687533989431e-01
-6.830095349315407072e-01
-8.382757570116348145e-01
-7.801571668671724025e-01
-9.708828261794487657e-01
-9.959208743447341972e-01
2.480280267986468279e-01
-5.390546101697779591e-01
5.389820827934727054e-01
-3.031824505586732665e-01
-9.430597915231556660e-01
-6.171041142250741629e-01
8.663761937703408078e-01
-4.535004307426269698e-01
2.505908283617755417e-01
-4.404911786931178797e-01
-5.300543430245902021e-01
-7.097813961503351976e-01
5.016907263112754117e-02
7.887232326665178928e-01
8.572319351157968725e-01
2.461274255667435518e-01
-7.402846616676359570e-01
-7.305792057014687257e-01
-4.774671415314365452e-01
-3.949928675651070975e-01
9.854873786306350691e-01
8.397286532585986896e-01
-5.464386733601551693e-01
-2.516368095207386912e-01
-3.510300682200792610e-01
-3.418717835027803575e-01
8.958537919912159531e-01
-3.754658484663190854e-01
-7.032090605085590251e-01
2.630950967178512512e-01
4.532462326268633102e-01
1.412131807785666771e-01
6.966463636431290407e-01
8.492148174919401660e-01
-7.601882571320143223e-01
-1.777171383351075773e-01
-1.565319078620092119e-01
2.238390331559894086e-01
-8.040343872767193867e-01
4.901831490841164762e-01
-9.156101533846726648e-01
-6.617257527311990462e-01
-5.764181751491117556e-01
-4.271985347378289832e-01
3.654194775222111002e-02
1.899515780178958335e-01
9.722290944805583868e-01
1.141396360783688002e-01
3.801693827174035256e-01
-6.232392529305322837e-01
-3.456829364594016241e-01
7.154484259828538528e-01
-8.257577374774621726e-01
-3.798196227750170184e-01
-5.083565020664823075e-01
-8.479702823987245175e-01
-2.136150334298362596e-01
-6.288214403979681677e-01
9.980375172636157810e-01
5.049529222197481904e-01
-5.930693576103270859e-01
-7.076768461826860035e-01
-5.216208770044530318e-01
-4.031526532070907609e-01
8.070499405440346719e-01
-7.605090327650015913e-01
2.642261361464773306e-01
-7.015315872483248727e-01
-3.342936295108278610e-01
7.302728660131583283e-01
5.255079885681168683e-01
-1.361035829526031082e-01
2.038451419099828188e-01
6.948707924897239430e-01
-7.934880983730713266e-01
9.869436745096683838e-02
-9.255806580025048858e-01
2.834769007218482240e-01
-6.279170660012948213e-01
9.179890084518115279e-01
-5.188811320205543032e-01
-6.730723452374024474e-01
-5.026089591114231148e-01
5.252505732526151494e-01
3.735361719620332588e-01
4.300247679142768509e-01
-3.542119081614295562e-01
6.608488825958694912e-01
7.957904380420555146e-01
-2.702857178703651497e-01
7.144959476754554339e-01
-9.378992240157835170e-01
-1.057493419329444517e+00
4.980492329179095901e-01
-8.443146085351660446e-01
2.576190464720962692e-01
-4.024334519717874259e-01
2.856194089433132244e-01
-9.137244144258157563e-01
-9.071370321226370770e-01
-8.015500886777878753e-01
7.257935294859910735e-01
-1.025853442765946699e+00
4.405669560474155255e-01
8.532341983045091394e-02
-1.944187066059751834e-01
-7.957438486178255443e-01
3.000472470078339726e-01
-8.680148023768686771e-01
-6.304286318515404941e-02
2.165835296344953420e-01
-7.587448625704512617e-01
-2.605390669794329650e-01
1.636620020470945236e-01
-5.858305563774603986e-01
-2.049805156632955871e-01
-3.266378789940281857e-01
-7.900599406113693046e-01
-1.308462631289652567e+00
-2.820009736319615268e-01
-7.734801777635488262e-01
3.345139887914452825e-01
-8.486744109436071548e-02
5.944317957344735781e-02
9.624420909998503137e-02
1.133473598060666387e-01
-6.222659566480472915e-01
-1.129436666743717899e+00
2.136349115609458837e-01
1.703727338571304206e-01
-9.311545165737911134e-01
6.590311613867887164e-02
-7.005099699257150148e-01
-8.473278747198340621e-01
-7.269287061992005805e-01
3.483533084566731164e-01
1.402164376036504068e-01
3.023176920680502033e-01
-3.326245349168538978e-01
3.846543640260695063e-01
-7.787444339781277591e-01
-3.137824746478442006e-01
-3.317069557684032555e-01
5.796724828420851683e-01
5.019233714266478907e-01
5.272078069323642424e-01
-4.698106830847649240e-01
-1.719046157906177182e-03
-4.989748607479986831e-01
3.846610932891553203e-01
2.805011655181204322e-01
-5.001557981516742135e-01
-8.831368529103504894e-01
3.260257948169196229e-01
6.153002943014161952e-01
3.581226579142187672e-01
1.458977323020652916e-01
-9.363745590350202042e-01
-7.170499039278187547e-01
1.443885637298776004e-01
-7.506449060085069735e-01
-1.056641297323125839e+00
5.288811911393805909e-01
6.747069454976231118e-01
-3.602689747466094605e-01
-8.113744488020111501e-01
-8.211369419432401617e-01
5.821836772039342689e-01
-1.074172818152651754e+00
4.040683417961549728e-01
-3.071209503483250391e-01
-1.060170519121876653e+00
1.559967759453352310e-01
-5.448779668038015167e-01
-6.608417414822308489e-01
4.019507400785774648e-03
-1.152710325055806617e+00
-2.364149266528942361e-01
-9.426961129441101539e-01
-3.312009209734407267e-01
6.188577729934575666e-01
7.032028987436312883e-01
5.023803443171790395e-01
-4.600660319632914330e-01
-1.589205935366348188e-01
-5.307026535845860149e-01
-1.453311886595225477e-01
-4.516164601025725034e-01
9.001699265454109478e-01
-8.987962980898165366e-01
-4.473306788968323122e-01
2.250589723329305403e-01
1.173612349846643310e+00
4.119753499890311810e-01
2.148120257106388153e-01
-7.849774135049136792e-01
6.776683527314721900e-01
-4.011924044247177079e-01
5.576369424007245890e-01
-4.999279645948426221e-01
5.155944088016474192e-01
-7.764544032625632086e-01
-2.218103397660753373e-01
1.556590849010549282e-01
2.879809480398221599e-01
-7.893513043235147464e-01
-8.657291197323809806e-01
-7.147626351979931014e-01
-5.642542323378944014e-01
-4.401697835225316102e-01
9.758636569388466631e-02
2.307064030436405816e-02
1.446495467520997336e-01
7.891952256681831201e-01
-7.758278000152845078e-01
8.346350848037673575e-01
3.754579301160722582e-01
9.177370499058054576e-02
6.140323509680868652e-02
1.249321233623321009e-01
9.433160627740324600e-01
7.179140765272014058e-01
-5.474319377801267761e-01
-8.704244157400018445e-01
-3.384907456787122904e-02
9.096758711916500539e-01
-3.652835556778215587e-01
1.759067617020227958e-01
2.937105932214177373e-01
-3.163450995446577263e-01
5.240638106833209742e-01
7.338433715167305138e-01
9.488466864909184117e-02
-3.654823538028274532e-01
5.381393147909158126e-01
6.922373357305374730e-01
-8.605623327336749950e-01
4.237584896690191338e-01
-2.541429234822130678e-01
3.075016089261151664e-01
-4.681662301729463405e-01
-7.841536116882358298e-01
-1.465747632434902525e-01
7.223525013976567211e-01
-5.713232047729405183e-01
-6.474397383232094461e-01
-5.452803571121337400e-01
-8.323056354602687001e-01
-1.021373254359708715e+00
-7.601663020143986094e-01
4.299642181872361246e-01
4.600157579242627470e-01
4.992289305613510919e-01
-5.555174961095955544e-01
-1.025283685750097318e+00
4.611956679604711229e-01
5.358257285541301318e-01
-7.588668216952997314e-01
1.552067450230819046e-01
-4.417209303166260148e-01
5.331820750854660701e-02
1.677626688349608264e-01
5.486615901901052972e-01
-1.830191145794010654e-02
-3.780516059870050322e-02
-8.644886999184951959e-01
-9.837234512970484124e-01
-1.188549636600333637e+00
-1.065821518269424839e+00
3.634387361414973538e-01
-8.557968971615019793e-01
4.843000626658048868e-01
8.829765302931116278e-01
8.104797746477079845e-02
-8.763364118433327743e-01
-6.845318965003053258e-01
-4.165719362595622366e-01
2.473202956937220753e-01
-5.788476410414031825e-01
-4.553613573950156951e-02
-9.374060073596560683e-01
-1.050028969498227882e-01
7.788514979593802456e-01
2.044449722124370983e-02
1.995383709456485799e-01
2.768086332469577582e-01
4.542980078186256709e-01
7.282017898418071677e-01
-7.853130402003000166e-02
-3.157226506463632898e-01
5.439227197324356666e-01
-8.914593427953757532e-01
-1.003882488902367642e+00
-5.249240287558195606e-01
-1.146198059701963312e-01
6.117949040351945006e-02
6.157759265166392604e-01
-8.841047391074667583e-02
7.200954137563873036e-01
-9.219072422627386798e-01
1.606330186874595500e-01
8.554971844979568363e-02
9.451833053965608133e-01
-1.136564733723811754e-01
-2.367515749697805261e-01
-1.412821081218891273e-01
-1.152865222054229311e-01
-9.304018353679329723e-01
-7.953274244464031417e-02
6.396834082991968984e-01
-2.619420196233298026e-01
1.281791080232439969e-02
-4.044418371177304489e-02
-1.257495710577030357e+00
1.910279529302145729e-01
2.078073576615053486e-01
-8.221019472111759097e-01
-4.149795287875076566e-01
-8.023812430548882269e-01
-5.394080099156143282e-01
1.227617343632632085e+00
-1.814527578139238650e-01
3.902301064797578101e-01
-8.150387788570806480e-01
-2.779754319482790614e-01
5.574866221847852438e-02
-3.982521946875436369e-01
5.715015924280204551e-01
-1.840086783540353932e-01
8.817798637957969810e-01
6.551614739440871082e-02
-1.107268052879092135e+00
-1.641429946055966010e-02
-4.787822053606539119e-01
-1.320156823243525956e-01
-1.131476066433497962e+00
-1.145874733289568848e-01
-1.069331837744126101e+00
-7.553051872687682744e-01
9.418886741190156675e-01
-8.000234305684955638e-02
-5.649576696316946922e-01
1.274471578929431761e-02
-5.902186259037090627e-03
-5.410145787336969603e-01
3.398207726205115797e-01
-1.161838329269021752e+00
-3.638342683853819093e-01
-1.803961011927978308e+00
6.309748794133559491e-01
-3.319474855332986141e-01
1.208359190930895083e-01
4.951906336491351812e-01
-4.208927524519279761e-01
-1.402153720190703889e-01
8.551011429618592397e-01
-1.105763287802552730e+00
-3.004230310590957354e-01
6.064950109650005250e-02
-1.216130611163936392e-01
-3.735208726709121074e-01
-5.820590355081274314e-01
-7.981708580606495795e-01
-3.833851727223296924e-01
-9.424369385404069988e-01
-8.138117923957811639e-01
-8.605627276603019515e-01
5.881127256666185410e-01
7.921300885973674433e-01
3.150514772691209719e-01
1.155401251259558226e-01
-1.114798200641389014e+00
-2.075518070096871448e-01
6.945053219661864730e-02
7.850805855745020614e-03
-1.169661216872272202e+00
3.353381281094567901e-01
3.912912130818920753e-01
-1.771643938661554285e-01
-1.280472345577796878e+00
-7.888349289705700595e-01
-3.342551843039831549e-01
-5.090128450204735033e-01
-3.577356943777314502e-01
-8.201824799121606446e-01
-1.116098262914123618e+00
2.054820425035610021e-01
5.010007871769283083e-01
-9.663540077290692087e-01
-1.160062109264760943e+00
-2.228885774487516375e-02
-3.507087279865838125e-01
-2.530242946709536644e-01
-5.260630318406857298e-02
4.764059432353743434e-02
-1.074124867168434694e+00
3.084401657739483382e-01
-6.123444677661636915e-01
-3.519719859466036160e-01
-8.875832521444593226e-01
-9.347786512222325261e-02
2.429713438596624309e-02
-7.159905694812408461e-01
6.927362847416678182e-01
