-4.676529529067675051e-01
4.371451325387444298e-01
-9.278164185859116841e-02
7.990311986047488046e-01
-8.771768509003229353e-01
-2.477791369156982088e-02
-1.406876478264251773e-01
2.443065964447863891e-01
-7.142209964044793358e-01
1.480497902898056384e-01
-7.988583142779871471e-01
3.309207929221595901e-01
4.603790490612929553e-01
2.053389871628316377e-01
-9.047697331896079609e-01
4.905543350726581653e-01
-3.903725343483445687e-01
3.768012418919376993e-01
2.409096395410097458e-01
-3.153869896123511762e-01
-2.420327338850052079e-02
5.331225910993263595e-01
-3.055181019601375669e-01
-9.125920749909877117e-01
-4.189378152187930859e-01
6.547993096938421742e-02
-5.802215141191703340e-01
6.045060475397705524e-01
6.256561648082358262e-01
-8.875032037600595336e-01
6.809544440779816687e-01
9.486148497496869059e-01
1.719008195714641085e-01
-4.212040495796161577e-01
-2.068672361369115753e-01
-3.791379074571230717e-02
1.306786413691828630e-01
7.150715002929410868e-01
-7.838254119882445137e-01
-7.139217077604730344e-01
-2.317150254190342706e-01
1.323337087466236288e-02
3.881660759245790793e-01
-6.918635775159348578e-02
-3.077242873531043643e-01
-5.158328147126878260e-01
3.007842740608976384e-01
-9.920718954076779283e-02
-4.890865624527259148e-01
7.153191321503921118e-01
-5.024517044613859840e-01
3.837380046160684954e-01
5.685394110080838059e-01
5.316321291190752030e-01
-3.661687423762032267e-01
3.646771295525769174e-01
9.255061715502923558e-01
-9.729123825051309016e-01
-9.031155660385440376e-01
-9.430256723547271180e-01
4.498329207174349698e-01
8.415980877049058506e-01
-4.745559136248404808e-02
4.254986945406040721e-01
-1.276330345758942830e-01
2.549705386893879600e-01
9.121755364721439996e-01
2.671866058866855798e-01
-9.450790257053406362e-01
-9.723758122888845890e-01
1.505371115060520071e-01
8.363091650642905384e-01
-2.422313725469173173e-01
4.820674096501182948e-01
-6.323482086752233444e-01
-3.073075793306246917e-01
-8.694334555873358683e-01
-8.372707677092547929e-01
-5.127292220486080465e-01
-8.656452048901006613e-01
8.741530094265638207e-01
-1.534849625311668353e-01
3.943313526111846268e-01
-9.556869137570457307e-01
-7.465273564260459516e-01
-5.057872778401455438e-01
-7.512526587536210165e-01
-9.392354011455295026e-01
8.294595977221289607e-01
8.736825207420648165e-02
5.985192390965436010e-02
1.904792245924289140e-01
5.941910745521677972e-01
-3.901277572600257426e-01
8.074975746611210425e-01
4.218143571999730668e-01
3.077415589143031593e-01
-6.404389820280808054e-01
-8.503499515695958078e-01
5.669191125098620443e-01
-2.720893866029389652e-01
-1.486688488332581770e-01
1.800316557279877938e-01
4.768723228799058300e-01
9.172490962263857295e-01
-3.185236667478449912e-01
5.150500250204285146e-01
-4.381949623128824495e-02
-1.527926927433070903e-01
-4.196826101076558957e-01
4.377583959428599236e-01
2.977014716138189909e-01
-3.331632887587672731e-01
-1.009084735227196855e-01
9.316992868170512199e-02
3.403019233935763443e-01
9.317817396658585327e-01
-5.277507284680232891e-01
-7.956392015524413885e-01
4.541338550200222923e-01
4.011563252986568018e-01
-1.567959880999495181e-01
-1.147225499623866912e-01
9.978302079880823072e-01
6.407760653668427286e-01
1.711908400140467190e-01
-7.231304924030310666e-01
4.823606611307181269e-01
9.768388048158381520e-02
-2.875411470427098881e-01
3.721848768517921346e-01
-7.418273047051397728e-02
-6.098313401056185828e-03
-6.009143985508235142e-01
5.616108272045700067e-01
-4.395469474664004950e-01
3.366228337263086900e-01
2.847424645408732635e-01
4.065059187644695649e-02
8.030795338434913999e-01
3.263332258729466639e-01
6.075414361099323868e-01
5.562275835389336454e-01
-1.684168044106987838e-01
2.434899511084379908e-01
3.456294840321745832e-01
-7.723621224978164390e-01
-3.514835462686572987e-01
9.340280932098836419e-02
3.914203166731166639e-01
8.173564631031765559e-01
5.141396172047358881e-01
7.304542803686425723e-01
1.331291664208669734e-01
3.034572239525287762e-02
3.433414343873265606e-01
3.835996194045129259e-01
-9.012290190838845305e-01
-7.390665811148351416e-01
-6.701585199127807480e-02
-4.756955140738164944e-01
-5.736746712560552020e-01
-3.391933671625936841e-01
-2.353807947757102503e-01
7.834684671804191813e-01
4.941036595038303392e-01
-6.669360485559764351e-01
-5.864717926350868638e-01
2.439017045911413550e-01
-8.811908924689404454e-01
-2.282359521690362908e-02
-7.884583217173941616e-01
5.616212367269166617e-01
-6.457318320429560332e-01
3.425446761501070303e-01
-1.093492941589569722e-01
-3.230922425384774033e-01
7.434806750855357249e-01
4.284970402180914295e-01
3.144227298501900414e-01
-6.548105940289896676e-01
5.954060713453486475e-02
2.811215777034663521e-01
2.536078901434121180e-01
-9.384461870617877288e-01
9.843205931157560373e-01
5.952095427989732013e-01
7.479781509320028166e-01
6.733148717622096102e-01
-1.347483747894780426e-01
-6.004690229244270538e-01
-9.499105884103709041e-01
-1.151618407359024203e-02
8.161522938972612384e-02
-8.170254092092655851e-01
-1.774984310250519726e-01
2.643414981791363250e-01
9.232877607771681205e-01
2.038657337581248619e-01
-9.856226389574396229e-01
2.326662836145931279e-01
-9.271410397137511694e-01
3.413242472683266082e-01
8.394357526166763561e-01
5.627198944142456360e-01
-9.284862227831756909e-02
-3.465528479360310832e-01
9.591226358981831679e-02
-4.268761335677602742e-01
-1.029534355100546250e+00
2.252554532108455854e-01
-3.074252286481557461e-01
7.883859897127785121e-01
5.016520057822195788e-01
9.058334822412406062e-01
-6.051244243728330918e-01
-3.046066757611078368e-01
2.113858782431969063e-01
-3.464567579072082015e-01
4.991834772718950486e-01
-2.954343183051736932e-01
1.473393439183028238e-02
-3.725062969812536484e-01
5.682133194468852455e-01
3.058437436239974661e-01
1.610404956989738290e-01
4.763052469180596438e-01
6.545273453385755946e-01
2.978255468954648950e-03
-2.903432990094414468e-01
4.438334142276399441e-01
-6.042886395319955195e-01
-1.062201146911670030e-01
-6.061585593561706897e-01
5.728453108020665763e-01
-8.389967908655091566e-01
3.916157744570585852e-01
-3.229927367971400787e-01
-9.811284919363837398e-01
2.004672526644514507e-01
-9.215469277436404427e-01
-9.443734901248259650e-01
7.932916142205508336e-01
-4.059707045547786830e-01
7.160754380908539440e-01
6.025408526651568897e-01
-2.547559603790175431e-01
-1.457863715671909033e-01
-3.421510705502295857e-01
7.974347063268526492e-01
-3.090395755168799941e-01
-6.468295090231803712e-01
4.724388260635385417e-01
4.824958705053268293e-01
-7.824015996560177433e-01
-8.949802042617122089e-01
-2.641014618723255269e-01
6.032045133798982217e-01
-4.809041632387490717e-01
6.457906838498342905e-01
-2.675733261844926436e-01
-8.166568379373665421e-01
9.425030796311651970e-01
4.663598343931152357e-01
8.182132149305585411e-01
-9.677850804998536782e-01
5.280239896239411479e-01
6.954806646712453633e-01
5.438550247587231601e-02
7.300860605363239664e-01
7.503091917610296147e-01
1.741104205319869425e-01
9.421268821804465454e-02
-8.551813922637437893e-01
-5.622396824597312159e-01
9.683361625299348185e-01
3.927995028098404395e-01
-1.762348660100203357e-02
-9.341966554902370046e-01
-5.057496400660466129e-01
4.931623379344929337e-01
2.248311135156164930e-01
3.130682273215945610e-01
-4.934275892120681961e-01
-9.625290056210195067e-01
-6.527645790166844986e-01
6.286864216454441934e-01
4.815206346669110432e-02
-4.447739567309404451e-01
-1.175291770394084334e-01
3.853432541372996123e-02
2.468486133217987211e-01
-9.960719570010444501e-01
7.041816800722584535e-01
1.929892547871794317e-01
-3.740377285970059029e-01
8.166410857833465986e-01
4.290941105172018655e-01
-9.719747703550655205e-01
7.736979899436262631e-01
-2.901087679615804160e-01
2.840356009320826880e-01
1.003515517556023307e+00
2.571200316397576069e-01
-3.652846162259784646e-01
3.557198210724498710e-01
9.235036316411641966e-02
-1.765269530056324254e-01
-8.136001799172257742e-01
-3.333903107943543276e-01
-3.713306465135992607e-01
-6.356412480709200397e-01
3.783600551327945261e-01
-2.107263375182024945e-01
-2.729016610650004948e-02
-6.599196885955752601e-01
9.714309376595666734e-01
5.942027244250046580e-01
3.876659259912604849e-01
6.366989621026677981e-02
1.409408399860466732e-01
-4.406199321447635264e-01
6.371608122395110430e-01
-2.363854965688059750e-01
1.455743455689737786e-01
1.801218778899829898e-01
8.077870520569797597e-01
6.491181662266930497e-01
3.301736763229199956e-01
1.212111580905564784e-01
-6.705054779620631678e-01
-3.158671596801303494e-01
-3.633221674923817202e-01
2.895625082535352446e-01
2.362280153642899727e-01
6.305473758557597064e-01
5.019039942933503085e-01
-9.294167769711696447e-01
4.729231127372019450e-01
-8.807374856066799707e-01
-3.904003980208470836e-01
-3.055559478464445200e-01
-4.770410841594047713e-01
8.354502403598370597e-01
-4.194152509867553613e-01
-6.163531405779124617e-01
9.269175828886534463e-01
-4.089089216944376548e-01
4.347993998670989790e-01
-2.223920223329940993e-01
-8.731343560326940145e-02
-1.350114768898678375e-01
2.281934743320921666e-01
-1.714228125349984699e-01
-1.330159686580846823e-01
5.665590389450502196e-01
-3.362235733846105634e-01
-4.718012674447066845e-01
-4.827871139095737257e-02
-6.949164035494921343e-01
7.469975047338314189e-01
5.418036947428723771e-01
2.612576801556421024e-01
-5.209437574583486441e-01
-9.608624685960036604e-01
-8.550383780765602459e-01
-9.098428388079025098e-01
-1.052441092232050263e-01
3.067579749009649026e-01
-4.471926111602766984e-01
-7.398893402983368617e-01
-1.836996563644522351e-01
-2.834098355046253404e-01
-3.443453932834690534e-02
-5.522414405432741757e-01
-9.664620720560056499e-01
3.417247695689635822e-01
7.305336023778299381e-01
-5.413322080625236898e-01
-6.332753622848995567e-01
1.082715583039236540e+00
-5.003263989645522214e-01
-1.573075321603659982e-01
-7.313255413656039039e-01
-5.268068212540548689e-01
-1.798156467856040774e-01
-7.059597281410240344e-01
-5.371323148394921976e-01
-5.912242225262669404e-01
7.046396967605572659e-01
-8.990001253175197160e-01
-2.591813551879256217e-01
7.590038092702748873e-01
2.647773768846470310e-01
-8.148473438274294045e-01
2.811725218630471423e-01
-7.507100506805550189e-02
5.687859655831800643e-01
4.507443122356362131e-01
-3.003915831365468470e-01
9.503316234079756120e-01
-5.146892513635811239e-01
-2.726212377723640223e-01
-9.420381401517378128e-01
-6.119335857377227184e-01
2.604112961948040206e-01
-9.090838509250752653e-01
6.017103470539000298e-01
-2.181392705143082589e-01
7.455716247773833683e-01
6.307807941138390273e-01
-7.928381703771071598e-02
8.432963523492456037e-01
-7.823651688210306321e-02
-8.649560572411646442e-01
4.673349797621898505e-01
3.690625923418408560e-01
-5.812265012138327913e-01
3.031298481278255075e-01
-4.156226078852259254e-01
-7.448264638592658748e-01
-6.242789461837340292e-01
-3.610745288820248894e-02
-6.450334444262509903e-01
7.909924074860613663e-01
-7.827220207392389106e-01
-9.583889821016913224e-01
8.128870605926460380e-01
2.925911138781708831e-01
-3.780450622286972706e-01
3.866378990576858632e-01
-8.794404024676544251e-01
-5.655546772785969845e-01
-8.244240631148903875e-02
-6.602606602052135676e-01
7.224255945199574702e-01
-3.332444466927111382e-01
2.556055783431895878e-01
7.874832593240020939e-01
8.474211571354618444e-01
1.699110463435957175e-01
8.265752990853299231e-02
-1.640390961511397072e-01
6.922634279858560502e-01
5.168092467761629116e-01
1.075881968415866446e-01
7.221719585307232459e-01
-3.333136125024114826e-01
8.528511495227750761e-01
5.322684388642225928e-01
8.944017544256294139e-02
6.157282136112861293e-02
-3.497578707504890305e-01
-1.629985106892506974e-01
-4.211624757627877580e-01
-4.415660333103578195e-01
-5.909312401656910962e-01
4.243288805655111018e-01
-2.591045200273337651e-02
-1.065062575303259568e-01
6.262371198281809770e-01
-6.317888821431081325e-01
-5.341465868147305951e-01
8.621357625169699945e-01
7.226892314761343417e-02
-2.594402716618689486e-01
-1.263179591794540702e-01
-8.668439769355588131e-01
8.677800079670314748e-01
3.769024420631710837e-01
-9.478378129781288575e-01
7.653714505709091620e-01
-4.982915082043148369e-01
1.674864576375952041e-01
4.674996909587606497e-01
5.630297865649709632e-02
3.874545230370971538e-01
-7.970201263482756815e-01
6.412353407106515801e-01
9.725106459191027453e-01
-2.034260422550392827e-02
-4.511225861437516693e-01
-5.170075434621069776e-01
-6.997023954641908849e-01
-1.706522818960555798e-01
-5.788277787355794457e-01
-3.073542982527514011e-01
6.177980123721520112e-02
-1.061004039070050364e-01
-9.495771143192689723e-02
3.611974263210291358e-01
7.435146136977417441e-01
2.162159470494983693e-01
-6.408849961586765565e-01
-9.734023521696084646e-01
-6.623437044450802835e-01
5.407084454793132933e-01
-6.385716181657735691e-01
-6.836806467118237141e-01
-7.073953754677883565e-02
1.246993328656063743e-01
1.207833876632386505e-01
-9.556874916809103837e-01
-6.564337390233353497e-01
2.986694698235148326e-01
5.527928597413387379e-01
3.131619966260322796e-01
-8.378573409562405372e-01
-4.638607126668299330e-01
-6.659941539261551302e-01
3.741851465584009606e-01
-3.290060180707218840e-01
-2.668099123796467964e-01
9.881981855771075629e-02
-4.535521518844809474e-02
-4.464123314629654948e-01
-1.469053545833052810e-01
8.865049248299206042e-01
-2.423119294026849224e-01
-5.230556072882079910e-01
-8.165610192785157651e-01
1.649006913889245265e-02
-9.042495410024332658e-01
-9.384694470850238890e-01
-7.811905276320000313e-01
8.348087786322243575e-01
-3.439298608089803033e-01
8.047495359754205380e-01
7.811486769950750642e-01
-5.279690268197206882e-01
7.891396396953495040e-01
-4.678748146202717922e-02
5.586337575536310940e-01
-7.160024941580959146e-01
9.009895172137769581e-01
4.429960421659727698e-01
8.494234882438120859e-01
-4.719306036083356637e-01
8.772143940785448457e-01
-5.793651357258564616e-01
9.598461840140468659e-01
-7.150097189138113762e-01
1.787434513053320559e-02
3.765285533401376838e-01
-4.771066339605221085e-01
2.790822818575142694e-01
8.505941246477999318e-01
3.564890860450676269e-01
4.192563686216337904e-01
-2.334844447617488161e-01
2.168324466983408694e-01
-1.427347296894884536e-02
-4.109022349935724516e-02
1.369548664755434186e-01
5.179998426705377801e-01
-2.051355009881840330e-01
8.230686986404744943e-02
9.472702718224239593e-01
6.870776757476455554e-01
6.419622298947561534e-01
-5.014180770606795345e-01
-7.544918674129029446e-02
8.891476273912476413e-01
5.855811102287242775e-01
2.291754787203961752e-01
1.362475089444017962e-01
-9.367954726457412562e-01
7.353491995209791854e-02
-9.205199330995355034e-01
7.148634271174346411e-02
-6.761335157026201470e-01
-8.644558329810337893e-01
6.433087239192420981e-01
-6.071466252305249833e-01
4.815408817029567246e-01
-4.544265016394978263e-01
5.599771843630442225e-01
-1.651179424650543737e-01
8.055239442755586232e-01
-2.323203444666658568e-01
-8.080257577086723542e-01
-2.845345352231582470e-01
-5.932036036015704283e-01
7.869880519898246884e-01
-1.899352517801089213e-01
-2.303494453557864974e-01
-4.636223161211238675e-01
6.281515917356403911e-01
6.500328815513064518e-01
8.993024586029246814e-01
-3.112471072553404383e-01
-3.725302913585499254e-01
4.040053106022614693e-01
-4.621142193660837116e-01
-7.117906176654061889e-01
-2.468388583039290152e-01
-2.444888997847012302e-01
-5.870300900512038789e-01
7.705957654069315321e-01
-1.132395198090918181e-01
4.606158790970640848e-01
3.605294837811376385e-01
-4.637995487518022375e-01
-3.562455806182778240e-01
-5.848824602828684993e-01
6.420639389377313933e-01
-3.094341756397033794e-01
-6.330159495588086882e-01
-1.670261057618873946e-01
3.284716922043393605e-01
-7.662856792770745828e-01
-1.210389310650903244e-01
8.879237469027801977e-01
5.082961780065541335e-01
-3.770575129390196234e-01
3.209990441925582583e-01
-7.097536079483904858e-01
-6.260912079213307724e-01
-5.489691464395033416e-01
3.241076491271233095e-01
6.786292079839952862e-01
1.668957289285514789e-01
4.973001113326963041e-01
3.430208495831960774e-02
5.991139079449919747e-01
2.738915981509411623e-01
-2.964916220027420390e-01
5.230041569032551907e-01
-8.099813065619341224e-01
8.336362210579644216e-01
-5.744993664591733218e-01
-5.932218395505437503e-01
6.413260831981171251e-01
1.394113064612352293e-01
4.182895225865536637e-01
-2.270107581165846378e-01
4.828302123213280006e-01
-4.341110307437793803e-01
4.182562377022978617e-01
-9.938468068007854095e-01
2.842369357966948451e-01
9.313513122617120277e-02
2.600939578911930505e-01
-5.104553056918318399e-01
-4.826854842947235213e-01
4.188377011673703465e-01
-7.493861214661247105e-01
-1.755373790933955069e-01
5.521388033658971572e-01
-4.907490763885961060e-01
-4.717637204394249939e-01
-7.634620021512907861e-01
6.239197569226783147e-01
6.355047661097379397e-01
3.928375570811704631e-01
-9.285785752021341599e-02
-8.100354667678102416e-01
4.486831895129294034e-01
-8.259090924761061103e-01
-3.048775153216040090e-01
-3.489365616395465608e-01
7.420109168577020409e-01
-6.616988625568812621e-01
-2.115756475998530339e-01
6.875756486911394072e-02
-1.379201518166515428e-01
-2.896746731241433004e-01
4.951373753215592144e-01
6.565023921857331413e-01
-5.683093310729079306e-01
9.786074810006339941e-01
1.045730039671909223e-01
1.856151810814171688e-01
-4.330372992049326686e-01
-6.478067131989539984e-01
-4.245911856666222395e-01
-7.215620230439778737e-01
9.795503814624145766e-01
-6.487077860980452471e-01
9.641235494711107856e-01
5.933188065495262342e-02
-5.971718734794529970e-01
3.344482328605178911e-01
-3.978325071893399900e-01
-4.358587470036593414e-01
-2.647575336869792961e-01
-7.400796223793717488e-01
-4.240220369453837623e-01
3.132952937883423661e-01
5.067812078549676080e-01
8.053773012583044233e-01
7.527067468928458904e-01
-1.723891803356953079e-01
8.005394614609653847e-02
4.836153727765604149e-01
-8.491974190626835339e-01
3.723621947264201815e-01
2.874884884925018036e-01
-3.056346353669876087e-02
8.849011230080149337e-01
-1.015087184473444093e-01
9.479659460346070432e-01
-5.270789281505245949e-01
-3.809184321018531383e-02
-7.768108324942414322e-01
-5.488169133599469784e-01
-9.853090882073110013e-01
-6.176608396504246201e-01
4.653170086709397801e-01
-3.152596537814501554e-01
-1.323710993934842754e-02
-4.277183544030406792e-01
-9.668077020043539527e-01
-8.181651854986473626e-01
-3.966642650186464891e-01
9.868032132058823791e-01
4.304952022806003420e-01
-7.973200745677175849e-01
8.273191830719593687e-02
9.252720691473768078e-01
7.548808380162973231e-02
-1.239754910571939372e-01
-2.859116325878075515e-01
6.109536807300004757e-02
6.958365787141346237e-01
3.392263348413088186e-01
-4.033136138781187041e-01
-9.291919567348572162e-01
6.320556330069779793e-01
-2.195082060043548056e-01
-2.335842291737380561e-01
-3.271891018667096307e-01
5.772166549543495950e-01
-9.712847947517136982e-01
5.068211027543498837e-01
-4.892034891596445945e-02
-8.701865363815667331e-01
-5.168593942574547517e-01
6.046407162715458083e-01
7.495005190589805188e-01
-1.974522571571756674e-02
-8.576246071017448180e-01
-4.548312774961441596e-01
6.772965180841170607e-01
3.640868832700373536e-01
9.472690580576847985e-01
6.749665761997234448e-01
1.482911093605958006e-02
-6.348503603381386862e-01
-1.937060346208421546e-01
-1.511242722796824201e-01
5.126099768957792513e-01
7.522121659407240424e-01
1.370232514505129173e-01
6.500673179759806075e-01
3.656221494259829230e-01
6.480330196317699576e-01
-1.985350198790350185e-01
3.204094874319176611e-01
-8.347823399799422783e-02
-7.103015764535264287e-01
-1.586793582975301320e-01
3.648426511199774902e-01
-7.354112504909036119e-01
-1.202672520683819440e-01
-7.594223419015377896e-01
-1.374449612209069638e-01
9.363649429966579563e-01
9.045062569818705933e-01
-8.857530741416523856e-01
5.284793334631612272e-01
3.210432675277292147e-01
4.758620522140202258e-01
2.491491995266710557e-01
3.501568600198082803e-01
2.110360290244177317e-01
8.567922254948003857e-01
1.683173996665728034e-01
4.522211936017137557e-01
8.790642846520753395e-02
-8.517707352383880881e-01
6.281948176131878225e-02
7.204257583291103773e-01
1.958783849706627334e-02
-2.873146674381880233e-02
8.429682555806288224e-01
7.475437231652447556e-01
-6.472287564297072304e-01
8.355266248915903526e-01
9.116047310242646473e-01
1.794337172015541548e-01
-4.961362893477111284e-03
-8.031293448102738708e-01
-6.980620711423953795e-01
2.498294125411183453e-01
-6.220131866890297179e-01
3.879771118016353548e-02
3.915113732632131693e-01
-1.528219797032768501e-01
-5.799127304126601434e-02
-4.329360881591458599e-01
7.367093652869711740e-01
5.536529191958053930e-01
-3.768688804354738409e-01
-1.038401668055807914e+00
-7.416874289291551792e-01
-2.255837836408653985e-01
8.495840440399230475e-01
-4.592481762646580257e-01
-4.200944971517506232e-01
-1.658425511514377559e-01
7.726433365555919197e-01
8.852824897814381977e-01
-7.606987045891067112e-01
9.130520447992752642e-01
-9.571248273038779342e-01
-7.957801248741257494e-01
7.441390642858017879e-01
-1.171007791229696782e-01
-2.963666978219426859e-02
3.820060502224862375e-01
-3.241194790917060198e-01
-1.814207749978356543e-01
2.723279449810565578e-01
8.049531192100798371e-01
-7.919262874648742567e-01
-8.354872459207487445e-01
-2.477317976436135480e-02
-2.889943551927294796e-01
1.982495689621029400e-01
8.044050985451385305e-01
5.331718621762284727e-01
3.215472378705537815e-01
-4.840414594760683031e-01
-6.598560736272260918e-01
2.421105175748610450e-01
4.549911948312674870e-01
3.324475823779483585e-01
5.252742507618909235e-02
3.188974001676841419e-01
7.376747299398438429e-01
-3.320963653542816640e-01
8.281623246717585429e-01
7.342923308793560810e-01
-6.542878222105068531e-01
4.085223134956070539e-04
-8.691655513539230382e-01
1.942679895057247419e-01
6.974369939067757151e-01
3.060443938047537338e-01
3.447572868355190945e-01
-7.465788307715163219e-01
5.179383616331899587e-01
3.436869988137903897e-01
5.532086426346912722e-01
9.813104539863115594e-02
-4.434701149338765025e-01
3.203288736074704768e-01
-3.200538128593395371e-01
1.219484948720815642e-01
4.270803678909359524e-01
-3.714554679318265995e-01
-8.089243282233143928e-01
8.058787790232269099e-01
-8.407401656993194194e-01
-8.908750272066875420e-01
6.860421642187150559e-02
5.111973069382530488e-01
-2.120782611464792911e-01
2.369770288295492133e-01
-6.101481667444157847e-03
8.729161343224787206e-01
-1.862116742076043441e-01
1.493115099046452010e-01
7.774254787522657528e-01
1.905671408670941147e-01
-2.048493308382779154e-01
2.141430647225316120e-01
4.465923666165096950e-01
7.330317099809276205e-02
9.720774150482243137e-01
5.979119500985412561e-01
-7.704726650942226307e-01
7.326323043981556316e-01
9.033453936972604126e-01
-4.922973462334521155e-01
1.012694020749014712e+00
-2.816277206636993435e-01
1.009503809399638463e+00
6.489321088299404572e-01
-5.757194179717076699e-01
7.415915858802476501e-01
-8.214108990991774162e-01
1.014534079758239615e+00
-9.191237251766748440e-02
-9.183696513409695950e-01
-9.359374682764703968e-01
-6.077587352052397085e-01
4.292373943004854087e-01
1.709786750222352381e-01
-7.988312740737389950e-01
4.545953055318208147e-01
-6.527560811141309705e-01
-8.444599131001450099e-01
-3.220786662197457351e-01
1.714044805851797637e-01
6.465151044156545179e-01
4.065509285047842480e-01
9.212466569646704517e-01
8.464403929462401832e-01
-8.034747716277934604e-01
-9.583921977869216402e-01
9.525860173274878218e-01
1.501029896892857318e-01
-1.552526756408337261e-01
-3.192588590354202283e-01
1.343457586864603148e-01
-5.224759833211229942e-01
-8.691197861032733396e-01
-7.629110591459146995e-03
-7.442442605698255109e-01
9.568335957002277459e-01
-6.516924167039946925e-01
-5.943654941486292698e-01
-5.398897812307034139e-01
8.481400704109678390e-01
7.435874071692022413e-01
8.494659802351135769e-02
-7.640234304051827241e-01
9.884349676704161647e-01
6.547954050407069904e-01
-6.676496198713558483e-01
-6.412794274058868094e-02
-6.451798062734526162e-01
-5.897913423447893599e-01
-1.981896739592468593e-01
8.896268652442430591e-01
-1.582052810141947596e-01
-1.663179921003771766e-01
5.809318700637823296e-01
5.526788456004950723e-01
5.007675373676311326e-01
-4.113837710727369923e-01
-5.743460233296012740e-01
-2.295961450702119488e-01
5.527844173148642737e-01
6.641852324341496194e-02
-6.319131227232779313e-01
1.008442219471645362e+00
7.688899306618376395e-01
-4.109413467644092433e-01
-1.365829930997938257e-01
9.399056416655398039e-01
1.742904277054297402e-01
-5.501261985261139964e-01
-2.731674262339726655e-01
-1.886561493697695435e-01
1.587348585047248239e-01
4.875670873297310304e-01
-6.525082748836699004e-03
8.229122564004904827e-01
3.800885452934432696e-02
-1.168222925083866048e-01
-9.824915374870156759e-01
3.118757494503383021e-01
1.641417797819179902e-01
-8.520342167113424958e-01
-4.965441488802250225e-01
4.279340125195815053e-02
4.645524818416049695e-01
5.888853221563450369e-01
3.026514058815520380e-01
2.144804825590555242e-01
-4.618660809157350555e-01
-9.208012645525351925e-01
4.470003442848023423e-01
9.514371664985535881e-01
-3.864083995536086724e-01
-3.274651873281986814e-01
2.453528490635397685e-01
-1.472285924110262600e-01
-8.279129532474770459e-01
-1.879022520828812770e-01
-4.465890547048449455e-01
1.182095741194865747e-02
-8.879695733077639375e-01
4.663717176599825875e-01
1.779379591727950627e-01
-2.993528351950472954e-01
-1.976940199669046105e-01
6.574809111589017263e-01
-2.347628245838297156e-01
1.261913233106947418e-01
6.565853717659516642e-01
4.451164389569226554e-01
5.117635691132746967e-01
-3.736095064350646866e-01
6.485620137726967327e-01
-3.079308570365091660e-02
7.158491882819472130e-01
1.590028755355001044e-01
-8.925704029196355194e-01
-5.410242693685374249e-02
-3.596678980777774370e-01
5.349123833443466536e-01
3.524502592787884248e-01
-3.388529914087447942e-02
-1.662948654628009781e-01
5.249918383233209696e-01
-6.789691581818302346e-01
9.654652708298235853e-01
8.295523325652808255e-01
6.370984426136927503e-01
-5.112416979518120685e-01
3.273747078604316019e-01
-8.686169852643994549e-01
7.353575441300265192e-01
1.869223522482506283e-01
3.976771061330347523e-01
-4.011988171822282734e-01
-9.986295187518232086e-02
7.205644316801643745e-01
-1.181335634333104262e-01
-8.930914808929473203e-01
1.156347917661961905e-01
3.692567831693132074e-01
-7.709997064263967026e-01
2.901313492711277697e-01
-9.788545413582797616e-01
2.822363170747179892e-02
-1.423859091911982566e-01
1.326865815698023143e-01
-2.980364249446046387e-01
9.753897555346751069e-01
1.610553424923532873e-01
8.164554240496281201e-01
3.125983511260212455e-01
5.871716224736170386e-02
8.982005458954935850e-01
9.814702233134623421e-01
-2.692045186491233699e-01
8.666670571485365349e-01
-6.617910297323055246e-01
8.393429533220602146e-01
-6.529926791262801178e-01
9.875189077733141918e-01
5.208854958619676401e-01
6.102778252532775616e-01
6.804249810903574280e-01
-1.195508397632480263e-01
6.790120636464545001e-01
-6.380558460049109426e-01
-4.066565344975643925e-01
9.963712763425696117e-01
8.896472552098785291e-01
-8.688388534417093578e-02
-1.519463463290608718e-01
-1.008878906290608946e+00
4.345889026800540123e-01
-7.706442791149636928e-01
6.320055974277856148e-01
4.175634522210175392e-01
7.511679726293765125e-01
-6.241775146708015143e-01
-4.464669258161786947e-01
8.593899811596577010e-01
5.027617825670198382e-02
-1.036806638599572672e+00
-5.876603803991440333e-01
-6.208362367760139611e-01
2.671107254039339907e-01
-4.542796851139824232e-01
-8.311566097810027531e-02
3.706868134393204728e-01
-3.848700904568660291e-02
-6.199717115020189073e-01
7.641352814489784651e-01
-7.720599389120961220e-01
-6.235091898326846627e-01
1.593876477335973707e-01
-1.136745764973357276e-01
-9.950015664078381006e-01
5.670664068687034653e-01
4.863555763631121631e-01
-3.939051645981551664e-01
2.743891978609931392e-01
-8.037257856184650828e-01
-3.433360854571038123e-02
7.575903645728601088e-01
4.056415364838459325e-01
-7.708175887615540400e-01
4.468634332725503894e-02
1.442042736597232144e-01
-1.600669537334527825e-01
7.066416337882270859e-01
5.509571026498584212e-01
8.074679809371314576e-01
-8.287472112337831431e-01
9.378232222819551933e-02
-6.161956316221269825e-01
8.609859213079833484e-01
5.390106869933714712e-02
-8.262237254989780455e-01
4.535305745413292233e-01
7.654261171981373568e-01
6.485405535702778446e-01
7.290183730460264577e-01
8.068814823320160645e-01
2.535400360630273853e-01
-4.332578231546882486e-01
9.118683065417691747e-02
8.570819193972180061e-01
1.016895272140983852e+00
2.634593036984207437e-01
-9.454954762853824413e-01
5.552937185055958347e-01
-4.085476514006605164e-01
-4.720428920963599118e-01
-5.777256733207851713e-01
6.533313706677653654e-01
-8.167329302892959442e-01
-6.608648405565236139e-01
8.704509043119663947e-02
3.802769388725619204e-01
7.764879545214531387e-01
2.488422513094436517e-01
-7.016366968493947809e-01
-4.491086099826650108e-02
4.644226990029466928e-01
-3.103820928104628618e-01
-2.149605423368103341e-01
9.011140848435680306e-01
1.180261306993621306e-02
4.632419410272059501e-01
2.937971885028285435e-01
2.287291538590895679e-01
-8.233001685939787817e-02
4.723594658126251122e-01
2.739976253341903645e-01
-6.305606351668695542e-01
-8.816934226785656525e-01
-4.362983277144137917e-01
-8.136240453651214510e-01
3.698825504429577027e-01
-3.314690952111433719e-01
4.581857051709071205e-01
5.040541789579168208e-01
3.929586670068074272e-01
5.518718284411704422e-01
9.541105316902221967e-01
6.096504047722928199e-01
4.866110229599465153e-01
-7.188932558300281661e-01
6.587775399597805004e-01
-4.503883924471797084e-01
2.582369908093292699e-01
-6.250349855225513229e-01
-5.262527972501299667e-01
-8.335805553055475325e-01
4.975804472015785129e-01
3.012552103610959334e-02
4.684523296742715837e-01
5.792607505371273335e-01
-9.556365250604821338e-01
-6.802161325397876324e-01
-4.289777389931143659e-01
-1.941431517022444431e-01
-9.491867467840454653e-01
-8.229916217212904228e-02
1.323640442445370990e-01
2.160230089181255919e-01
-5.726405933787009905e-01
-1.981342888167230698e-01
-9.951696872243925851e-01
-2.025353993306344136e-01
-6.013275697995809632e-02
-7.512039865718092013e-01
1.645985707931822417e-01
-4.604504320599696054e-01
7.171363834629361778e-01
1.046225310636254152e-01
-8.182189777862937385e-02
9.220044682968479011e-01
-2.458223628416063844e-01
-8.543330783798159800e-01
-4.449829823447906119e-01
8.389145717024959481e-01
-4.890692960170112125e-01
-4.571400194497101110e-01
9.832116957937637736e-01
7.796727049361136253e-01
-4.019393358815688266e-01
-7.128519737258776079e-01
-5.094974366622239126e-01
-7.090749892974999025e-01
-6.397101599967345287e-01
-2.362822374844907591e-01
6.137646856451590693e-01
9.674858349619226694e-02
8.347990397837750098e-01
-6.462880339012352371e-01
-2.941042708506071413e-01
-4.960456402495191375e-01
-4.826433460993866942e-01
1.928866857483101105e-01
-1.815068520553772269e-01
-4.423765499003194934e-01
-3.258329376453873993e-01
-2.941386571216946244e-01
-6.989225055639851358e-02
-4.529467620052131660e-01
-4.336891512148569605e-01
2.051148471494768366e-01
9.260145054126553976e-01
-6.939734177719414365e-02
4.459866015666121009e-02
-8.600884926569108968e-01
1.162455568982649762e-01
8.255499531845937877e-01
-7.000690498524324568e-01
-7.765975558189143479e-02
-4.168678600773209064e-01
5.252132881228975814e-01
1.916798036176784736e-01
-9.586732176005129114e-02
5.630266447084470993e-01
-2.106593799676512169e-01
6.754097040611730662e-01
9.865328173461716810e-02
-3.494541670391222710e-02
2.920393757218084363e-01
-4.007769739632956879e-02
-1.033415305838069342e-01
-6.351882604756940998e-01
-8.738976470044373945e-01
5.071968689891255266e-01
8.882004806291225740e-02
9.375659118407120296e-01
-3.253084190694767730e-01
-4.473705286389385860e-02
8.558202593924544299e-01
2.266911261910284636e-01
4.087411607700709437e-01
-6.952025282170151144e-01
-6.293111181500469220e-01
7.557171279429104604e-01
4.193201351951005851e-01
9.290785608942767615e-01
-9.467793743379200322e-01
3.389871152366307205e-01
-4.778536670579484613e-01
3.738529683507060275e-01
-8.144337501504398391e-01
3.819004204841255357e-01
-3.152537427949013149e-01
-5.193273495233966530e-01
8.524993338443166702e-02
9.067765504668999776e-01
4.169367706453042111e-01
8.028794381343448139e-01
-9.761828706951209966e-01
8.846228093781038915e-02
5.077689143237207325e-01
8.652691728385434322e-01
5.125161027784430612e-01
-8.537637643994889780e-01
6.502503246156624561e-01
-8.726427373363844220e-01
7.078862854236303570e-02
8.887895664440548238e-01
1.629120095931366197e-01
3.608184468426948732e-01
-2.157180478285282976e-01
9.588259605645656214e-02
6.583522510281661910e-01
1.000826889961725225e-01
-3.110588320210778968e-02
7.824680615885259982e-01
-5.289251104858933017e-01
-4.735055334985513453e-01
-5.367030844230598063e-01
8.441399572088947867e-01
-1.550582675641223318e-01
1.630122649371645582e-01
6.497653775472606030e-02
7.737160491429874165e-01
-4.477809867152163781e-01
8.838204822644787351e-01
7.858673108339400137e-01
1.167679298407959809e-01
-5.813833220578303873e-01
4.831563328879269759e-01
-6.219591523911557340e-01
-4.205216921174571021e-01
5.927621066954705809e-01
2.924477936697709723e-01
-8.040323966309643744e-01
4.831714991787565139e-01
-1.667435389458889194e-01
-9.602993604770876379e-01
-2.261430692072541326e-01
-5.894817549527625600e-01
-5.783466668213590456e-01
-1.562723464927165962e-01
-5.530282064873469627e-01
2.559028463635756312e-01
-6.627351651671946620e-01
7.693766225328000363e-01
5.229706018904159981e-01
7.014259628314878370e-01
6.173940721532543696e-01
8.333193970200735157e-01
3.142404961794140195e-01
-5.761268641714365479e-01
5.713911619224132377e-02
-6.850155775901846100e-01
-5.962542480328250627e-02
3.463438064652287762e-01
8.768096468869673865e-02
1.036328730267252141e+00
3.466364219536389735e-01
2.055496143349208049e-01
-6.357846315701679574e-01
-8.319740976403422472e-01
1.415595618154209812e-01
-3.428149972345038154e-01
-6.667944498822615529e-01
8.401906944627410834e-01
4.086399446886463394e-01
-6.047228445240918626e-01
2.039204989877019536e-01
7.904569443045448285e-01
8.395168314648929764e-01
3.981251676662334038e-01
5.460743580451825618e-01
-3.519567078272125005e-01
4.372261760129901309e-01
-6.169657827938904715e-01
-6.241224317747473549e-01
5.174930383069714646e-01
1.629982914639378222e-01
-6.015750156259366266e-01
-1.473826875458009167e-01
9.552964611402208206e-01
7.591601169360984169e-01
-3.832305697984172421e-01
9.852206440882415039e-01
-7.307622602415342339e-02
-9.792901679242448365e-01
2.714596632686022137e-01
7.715315337802129969e-01
-9.214955766339910648e-01
8.048023241956048235e-01
4.373821780981936302e-01
-1.452565532532952008e-01
6.696135172472897912e-01
7.996449649196011311e-01
6.260726250153729744e-01
-9.852202767601652145e-01
2.351890665700340222e-02
7.029799575347202012e-01
-8.211132274103017936e-01
4.740070638603768316e-01
-5.217591853075104202e-02
-8.387699397875499896e-01
-5.779039592868518982e-01
-4.985245152771752841e-01
1.231836488973153815e-01
6.977524865209472349e-01
-8.783340969416917332e-01
-6.074089574570235017e-01
-3.439181188824803614e-01
7.236150199703852426e-01
-1.041344816503208426e+00
2.266127367237171786e-01
8.554543215931982580e-02
-1.060897833572265192e+00
5.924970895076433486e-01
1.725178428161061317e-01
-3.888207103526211683e-02
-7.621892215659120673e-01
4.798340781847463266e-01
-6.473860115539952220e-01
-7.049410459230289749e-01
6.410809739805534146e-02
3.609986040311360944e-02
3.218080602606543938e-01
-9.624551765721331975e-01
4.355007677503774377e-01
-3.201602145945592892e-01
-7.013392757556443646e-01
6.857556245809409701e-01
5.245884096900673699e-01
7.768242348399557740e-01
1.701589120191600024e-01
9.439613847363645949e-01
-6.850069835742859103e-01
-2.377403203934560227e-01
-7.469513647739662865e-01
-3.161307549952675489e-01
4.595695674343089343e-01
-1.269095951441338022e-01
1.611249012054861707e-01
-2.125647614433516241e-01
-4.797633579750691935e-01
7.336643627450841754e-01
7.293021721961739923e-01
5.595157719728063306e-01
-2.173596189368501574e-01
-6.125551108943978473e-01
5.319930380346540866e-02
-1.776750983136545503e-01
9.760740971829536816e-01
-2.077116857716870546e-01
9.301600612586958805e-01
5.471227347881407743e-01
2.971894655655704653e-01
3.711573446509677243e-01
-6.784902158851411347e-01
8.477323160417111758e-01
-7.319605078890430994e-01
-5.120806990150547078e-01
-1.720923292453070685e-01
-4.727101440894397599e-02
-9.889018936327174103e-01
-1.200109872073502337e-01
-6.658438305416264358e-01
-8.101684912880888767e-01
9.187867546846255618e-01
-6.510315188542546982e-01
3.260119127011614770e-01
1.053187118640619702e-01
3.566062453724560544e-01
4.847254883191155495e-01
-9.691249757665729159e-02
-5.473849291677037598e-01
-9.193443215020544734e-01
-6.373891809540553621e-02
7.319754375038863836e-01
6.736339914662329287e-01
7.498416663726032994e-01
7.605708264370979466e-01
-4.787874813260877827e-01
5.158719799445625753e-01
-2.348096196595736429e-01
-4.463211364238267032e-01
-7.413864839206091295e-01
-2.804677030345636424e-01
-4.113643402520931192e-01
-7.748439727460422199e-01
-3.581081800385276237e-01
-3.333595490181600618e-01
2.246040527393558250e-01
-4.037856102955124649e-01
2.520948371489276085e-01
-5.745725064544011662e-01
6.918476345745359912e-02
-7.697595024783197015e-01
4.175647797482184842e-01
-8.934440205635536536e-01
5.361149440624873863e-01
2.785113555014112618e-01
6.585193819549606253e-01
-9.175594778146439756e-01
6.015805967018161837e-01
1.033746630176728409e-01
8.466672700562116738e-02
3.054130014392463788e-01
4.647686723687968202e-01
6.392458529482850649e-01
1.698966169408825111e-01
-4.098192651508348883e-01
2.862165551982263079e-01
9.921924551567085082e-02
9.637600837245088314e-01
-8.712862675837220738e-01
-1.152484363655115612e-01
9.752432435382097919e-01
-2.080113911945836724e-01
-5.160684173724305879e-01
-7.177304638940810166e-01
-7.504739074446116209e-01
4.371121035401472343e-01
-3.021422824115914674e-01
-6.431518749302206350e-01
4.995760499384213627e-01
-8.394221817629867743e-01
3.994364058539991991e-01
-8.732285466789103667e-01
1.236824463211826791e-01
-3.584601453184192432e-01
8.194131091191457772e-01
-1.678101412712232898e-01
-7.835677332271668849e-01
-2.411949806790828765e-01
5.583694466577872051e-01
6.923093997558830148e-01
4.168263775767382384e-01
5.311042590302387234e-01
5.751170961641441925e-01
-5.447829654148266254e-01
3.976087017521948153e-02
7.184865057382501252e-01
9.573956807914008049e-01
2.221925081290563320e-01
-1.074684660886709331e+00
-9.539974813050170477e-01
8.125957175521733022e-01
-3.996042445468389603e-02
-4.497069934464327789e-01
7.681989212342692219e-02
-5.263484089410157551e-01
4.516703361917836501e-01
8.134029526879096306e-01
-1.021359648686841898e-01
-7.071277164769216306e-01
-1.006939059957780103e+00
-9.659860323940197002e-01
-5.679471879593042116e-01
7.273304393974461268e-01
2.483481103545805424e-01
-6.665409776029993516e-01
-3.762855050406277990e-01
-1.709264194388966374e-01
-3.371580029725321226e-01
7.395941455957104615e-01
5.307874285696775329e-01
7.468238716518358356e-01
2.374745767639728222e-01
4.238139715237162486e-01
1.730257667177571013e-01
7.598593900921882249e-02
1.250449921678251086e-01
-9.434970893133770575e-01
9.187741240074388527e-01
-8.329045132415833219e-01
-5.917801645128238919e-01
3.848565575502915226e-01
2.374762482499598315e-01
4.641290883519827992e-01
-1.642167397222201175e-01
-1.200582001456794029e-01
-4.090052821961817631e-01
-8.864925397236440574e-01
-1.942854648166186804e-02
8.004315823556610310e-01
5.768520002678400038e-01
3.272543036432969399e-01
-5.986937536366536590e-03
-9.308939650386570674e-01
2.564192478746936121e-01
-4.294557592658096445e-01
2.754477157076078431e-01
1.920928822194938601e-01
1.820297401569972440e-01
9.458457877510465517e-01
9.827093562873002730e-01
-3.771720895618571601e-01
9.159707368605327638e-01
1.796978439452547038e-01
8.590147420931564248e-01
-6.895482377463610152e-05
-9.252345835466034840e-01
-8.790136492337932150e-01
-6.469068521916222503e-01
1.126823165001517857e-01
-8.620180130886422321e-01
-1.603953763310768943e-01
-2.118156960765431029e-01
3.739387362158083650e-01
5.775615115301215852e-01
-8.026604490572075701e-01
8.946413768407889266e-01
4.317974010303861632e-01
1.221786803561108331e-01
5.051376254470271165e-01
6.373510799169762597e-01
1.299086594597332889e-01
-3.315070313292424742e-01
-1.308058961699608003e-01
3.842551648905594419e-01
2.493934880442589264e-01
6.159933748585537383e-02
8.038086498121688184e-01
-6.551349426563285450e-01
-9.211697763809963968e-01
-8.901108878034336147e-01
6.197012047280470171e-01
-6.167886061003455822e-01
3.381494615795084813e-01
-2.055741569988277229e-02
1.194929536559214134e-01
8.382737571748983818e-01
4.920322015668923687e-01
-6.755603665417951875e-01
-4.942064335588401414e-01
2.492803429453045207e-03
1.846241990449435100e-01
-2.127820219532624846e-01
-4.556870720674784381e-01
-3.920930313753343555e-01
-2.830238065991281735e-02
-5.911506131590475999e-01
8.003708737189551004e-01
3.983498806676994408e-01
5.673893828163703024e-01
1.299808317266242796e-01
4.530563387429672462e-01
-2.532811284772749083e-01
1.542356606385190954e-01
9.619610728694588664e-01
6.355336743970223523e-01
4.532228905571542565e-01
9.706029491132910081e-02
1.411577806101328436e-01
9.391372653133723825e-01
2.755572751169357848e-01
6.959316384051246474e-02
3.760048715653896978e-01
-9.400444227613155013e-01
1.044813918603658548e-01
-8.958480214804050989e-01
9.317519876975879356e-01
-6.385163030789473559e-01
-9.417500547550611278e-01
1.241277202718088085e-01
2.399661482746959784e-01
4.413730084042233326e-02
-1.032855583372166430e+00
-7.721287880763300082e-01
5.370126108763181305e-01
-1.006537572575401551e+00
-2.843640830302354150e-01
-7.625074166799327147e-01
-1.224089991147899736e-01
-5.861735752015511114e-01
-9.722631467913962489e-01
-5.048516843195735015e-01
-9.572686936745633535e-01
-5.108459774161928646e-01
5.514180154719137139e-01
-1.894161324314548867e-01
7.538609873796631167e-01
-5.526712955594053067e-01
-6.094964556517772358e-01
1.052753918737282107e-01
-1.088888008768244473e-02
6.490332341425624207e-01
9.594954704289779812e-01
3.484452530212022725e-01
1.475320063915823258e-02
-2.592126175798964982e-01
5.948773025262885650e-01
5.586028056104871409e-01
-7.673548588909243628e-01
-1.643241134881389953e-01
1.976332572623049899e-01
9.035909088126302668e-01
-5.859924860406184877e-01
-1.435151073867487193e-01
1.129855123276158335e-01
8.245285794474006558e-01
6.401463166192442600e-01
-9.054701898258802339e-01
5.829923373222373195e-01
2.195717197897208428e-01
6.989200541143402168e-01
-6.412143178611136030e-01
-8.801997913071391011e-02
-9.520319803573091821e-01
-6.473079457249891755e-01
-3.205116129585059981e-01
-7.537960820621570912e-01
-1.481468847165405278e-01
1.909442844239123971e-01
-1.201120093274150868e-01
-4.642476893074963251e-01
9.457920948062329414e-01
-4.508194774414290285e-01
2.113972454048801131e-01
-3.907561559517568756e-02
6.449034179488573326e-02
-5.312531954762481634e-01
-1.763395835436378234e-01
9.293801257176914632e-02
4.289394641677434783e-01
-4.072840296853382225e-01
8.122377424170709737e-02
8.703440856064237341e-01
-2.334942909307589909e-01
-1.972317076158280336e-01
-7.229323340746153514e-02
-4.590333169535076308e-01
-1.378723047002707591e-01
-2.904300722555420156e-01
-2.146381921898254663e-01
-1.244602576574106029e-02
9.083101482071711530e-01
2.133068395429781605e-01
-7.379506135777967879e-01
-1.202826832370865601e-01
-6.972885747269691459e-02
-1.963365464493166956e-01
-3.197608529462389604e-01
-1.651334921407067169e-01
2.816404315486767396e-01
2.010908494829462267e-01
1.507435266079869274e-01
2.174476650979892123e-01
-3.385549388105807411e-01
2.281320274807792092e-01
2.397493295845886940e-01
4.324987774128534190e-01
-1.521444917163780053e-01
3.433919385694353399e-02
-5.025858370162255007e-01
6.155468798523996976e-02
-1.084819555686171999e-01
-6.137712428608222970e-01
-4.342772361579937401e-01
3.719179952833191471e-01
7.615001983153550646e-02
-9.881393028885822050e-01
-8.524726075469708508e-01
-8.429554376880202815e-01
-4.252308775745121672e-01
2.689917555868474863e-02
4.097923800767334090e-01
9.882658099576093758e-01
6.241984102977730098e-01
-8.669302594892751568e-01
3.569601022770329535e-01
4.334012239396756172e-01
1.242814948030747102e-01
-6.703144143607803196e-01
-1.864474029250001719e-01
-2.992456729591612130e-01
-8.431875683835715618e-01
1.162685652793863517e-01
-3.877917096107676986e-01
4.165085271349809326e-01
-7.690497229485626640e-01
9.555544579683523665e-01
-1.160676967111053254e-01
2.242621761275722381e-01
-7.022386914374966205e-01
-3.744352490910171638e-01
6.273325814559103097e-01
-3.913118028656984437e-01
-4.160457435796558467e-01
-4.801505851246674061e-01
-2.328741251863315209e-01
-6.445982215424821415e-01
-2.390549304112145057e-01
-7.041086495262673939e-01
8.792170926733383629e-01
3.056795605563762397e-01
-7.967143085975477712e-01
2.571057338084392074e-01
-2.186779145140730629e-01
3.998161030000049188e-01
-7.717684555338730767e-01
-7.651354922758534238e-01
4.093074728596087231e-01
-7.878961108416858705e-01
3.709629441383997528e-01
-3.018820853921119207e-01
-9.215902948274088402e-01
8.753629626326473456e-01
-2.059629333634563353e-01
-7.147792999195494434e-02
7.228228620523635684e-01
3.357995574274150186e-01
1.808689871325916687e-01
9.637440951875600459e-02
6.477255605109915049e-01
3.428651894357730434e-01
-5.603648901047016961e-01
3.466248320218161538e-01
3.623143799303082946e-01
4.184566354682851125e-02
2.959813009362073366e-01
-7.020885478430030080e-01
-8.909874899154364147e-01
-1.976114961809084247e-01
7.888075144847382925e-01
9.524415754467522310e-01
2.856729015321604788e-03
6.465612472999048288e-01
6.513317954081262462e-01
-6.017534353367843813e-01
6.669294209726133182e-01
-6.355488908658146752e-01
-8.205296296490689478e-01
-8.726937328429744678e-01
-3.497089871284576601e-01
7.890247369257021859e-01
7.648475985026392809e-01
-2.503305468791935245e-02
-3.591087365202485504e-01
4.656800840792860718e-01
-4.330174903640522377e-01
1.131243500945627645e+00
-8.499684473450913602e-01
-7.377700565335367777e-01
8.039113371329899005e-01
3.492154399190402492e-01
-4.169348394328075136e-01
-9.049090729310116377e-01
-3.801672808850037888e-01
5.341558221519497884e-01
-3.397506392413345844e-01
-7.498620606512824693e-01
-7.515662738980509738e-01
9.159492496564354269e-01
7.814303571717307051e-01
7.613120694812745004e-01
-6.690983047067511347e-01
-3.120542301035351129e-01
6.373739579819834855e-01
-8.844971316707168629e-01
1.988201008730700048e-01
5.960535025957700572e-01
-1.515298106805759992e-01
9.747150225519592148e-02
2.195456769204458258e-01
-9.359718650528043860e-01
7.704234108974090667e-01
7.750488516952336315e-01
5.031518228246499858e-01
9.985132567597423403e-01
-5.732107232370128314e-01
-9.356578089630223083e-01
2.055121314894389484e-01
2.370934480657639343e-01
4.438106451532646164e-03
7.630501736477374175e-01
-5.178051807137560303e-01
-3.878782193189850847e-01
1.788906228746654226e-01
-8.216117017092358088e-01
6.670378717610678798e-01
7.739846976539488388e-02
6.282764701855331202e-01
4.962370823061124092e-01
-6.598691860917686725e-02
-6.877642018932985657e-01
3.245334771556905862e-01
-8.898833985245918621e-01
9.413019182220760950e-01
-1.556555170858294201e-01
2.384240025544178132e-01
8.481927217219599191e-01
-3.580344379706689728e-01
-4.097769540898980600e-01
-1.042771249530578953e-01
7.121681285833189601e-02
-6.454668491851771606e-01
-1.347864835816872664e-01
3.785891411077031005e-02
-3.518194058163658378e-01
-5.152108744753897129e-01
8.987315774470349128e-01
-5.135889936559061564e-01
4.411096384858935737e-01
6.394217501243211199e-01
3.895098952721510743e-01
-4.872401135112229276e-01
-6.429287076818044344e-01
-1.049045048324408036e+00
-2.092149474359870642e-01
-4.125109916439207436e-01
3.618144300558497756e-02
-6.405936975706721936e-01
6.299153828454514548e-01
-6.142669395629356544e-01
5.939074895044452740e-01
9.202319761194996950e-01
-1.743805826788776339e-02
-8.026677906289673148e-01
4.576355245647044656e-01
1.238669782053285623e-01
-3.085119134507965932e-01
-5.758819262505785463e-01
2.361147664926263323e-01
5.381345343673571424e-01
2.931867134240116468e-01
-2.636930956104874824e-01
-3.331191513613018240e-01
-2.315987207514040580e-01
4.665060435547235262e-01
-7.562017868798502906e-01
-1.445128808241073759e-01
3.080035874968388432e-02
7.037188162438784422e-01
3.699578745195511442e-01
1.380485856007075129e-01
8.990156339841003375e-01
4.182425141217957498e-01
5.478841343027851529e-01
9.505570304714796581e-01
-8.190398177704627525e-01
-9.265636762292238648e-01
8.889475798603890810e-01
6.625932779087799485e-02
-2.570248141301592626e-01
-6.277139152201988148e-01
5.286295294777805243e-01
2.607433307365958908e-01
7.169234644614533858e-01
7.666329117235788360e-01
6.702123656616286729e-01
-5.921212833894484717e-01
3.000296517518594719e-01
4.577162752447980765e-01
-5.607613332107578286e-01
-9.656452328452017619e-01
6.924225485403308067e-01
3.867100297771958739e-01
4.754806091405281432e-01
-5.371152288310485634e-01
-6.449551664888307778e-01
-6.012632327443994118e-01
-4.197331183215842754e-01
8.289927643171620675e-01
6.065088570075649610e-01
-1.634915484063646507e-01
-3.619208190848288154e-01
-9.955736455346485547e-01
2.266282708014062952e-01
1.384689148215872689e-01
-7.675768681821960593e-01
5.391430812836847108e-01
-8.336693080550848789e-01
3.004199235968709192e-01
-3.647589974476200259e-01
2.543461721967550937e-01
-1.051115757174681642e+00
6.905951227084325961e-01
5.952472758377150841e-01
-8.198676273113562063e-01
1.489463262192438908e-01
-2.679958529689949742e-01
6.514420054224423495e-01
-2.290496931064721908e-01
-3.456138366101779713e-02
3.367860824230008987e-01
-7.299303530908552995e-01
2.087887369507865631e-01
-3.133907038892011498e-01
5.396031577252080602e-01
9.823302109437948015e-02
-2.899963758962300631e-01
3.757630591156331246e-01
8.452498554756859850e-01
-8.692580055208817269e-01
-4.994839317213904499e-03
8.910471055830877507e-01
7.637647521737390699e-01
6.765429583847017980e-01
-2.523676146336206738e-01
-3.745349443642972398e-01
4.720067563775924291e-01
3.302208057342585490e-01
5.612978214024874068e-01
-6.774369230795626029e-01
-2.758658700228258653e-01
6.714510911833576623e-01
9.026391411783153407e-01
-5.285045936016243839e-01
-1.901482564975279232e-01
7.563960337549147095e-01
-2.122063398889184882e-01
1.619399351971878842e-01
-9.330856478943180266e-01
7.519019975162358760e-01
7.464721939718726995e-02
-6.071752704678795576e-01
1.710184483674806744e-01
5.517012742567423134e-01
-3.569101965827302103e-01
-6.877380256737951614e-01
1.851045151939895439e-01
-6.374067037859257878e-01
-5.218597989015415495e-01
-2.169905093343001481e-02
6.027216447255157039e-01
2.295614533723561723e-01
9.150852327590027757e-01
-8.651364525590043986e-01
-8.678733079224649760e-01
-3.782703526197249422e-02
-4.076597647932411195e-01
-9.420320615563368971e-01
4.251932544161579064e-01
-3.856030469651344772e-01
-5.194765333516582206e-01
-4.650689431576687238e-01
-6.124761628972191785e-01
2.625384669614513888e-01
-3.635766501236802895e-01
-3.881926212139176213e-01
2.063757845087090259e-01
1.287969238848126474e-01
-7.675321855054085818e-01
-8.768985359524141820e-01
7.717972474725146581e-01
-3.733495323102664076e-01
-1.121308996325578872e-01
-6.222896028462046036e-01
-6.377624016075959801e-02
-1.440655053262280827e-01
-4.957475872958137519e-01
1.823296918499424102e-01
3.680905715504510511e-01
-8.062738152360678923e-01
3.110042425082701900e-01
2.868563954600422683e-01
-5.799123697585832904e-01
-2.919474752790094385e-01
3.128085421770004926e-02
9.787560912455271767e-02
2.547093702418496558e-02
-3.740697477460529219e-02
8.440892011373253567e-02
-2.132082708671182714e-01
7.787668690048936693e-01
6.441755401187734265e-01
8.967314886831680987e-01
3.116823819488339503e-02
-6.215400882330186505e-01
-7.002650207296574614e-01
-4.328381693622484483e-01
2.597938880911661585e-01
-2.564337226295267391e-01
-3.338517390056578993e-01
-8.609559872059667773e-01
-8.754498888520060307e-01
-2.123778480017486647e-01
5.093510076005186571e-01
-1.060618007174416233e+00
3.882442786113920463e-01
-7.968298427488539337e-01
1.320841395975283772e-01
-8.136465735309073022e-02
-3.259268057385154571e-01
-8.225277559495860480e-01
-1.481727221131273198e-01
5.097382080456951403e-01
-9.438898530440635870e-01
6.342390905598503936e-01
-8.416672776535103484e-01
3.938574570506754857e-01
-8.830536655228333753e-01
6.322075487904823543e-01
-8.189363246839079236e-02
3.583675178278696305e-01
1.115601109380393724e-01
-9.533890828853270882e-01
8.353900186868254973e-01
-3.594140879115856890e-01
4.457464031442607277e-01
3.632881043964792944e-01
-8.446822949128477420e-01
-6.869642665891333433e-01
-9.006053242870983855e-01
-7.225262722224502498e-01
-8.549304130517939582e-01
2.315001415929547335e-01
-3.837578930988256865e-01
1.024213222808581375e-01
2.866148166042731260e-01
-3.153077405540872236e-01
4.312133209768265196e-01
1.376515536185703437e-01
5.850306586308248180e-01
3.432373066708020448e-01
-4.492505659376879179e-01
1.453073386518286547e-01
-3.534460251795080721e-01
2.077703996765019878e-01
3.910888424303941568e-01
6.650000266392197545e-01
9.151222279385375080e-02
-4.088749986496388877e-01
-9.488524326465807013e-01
1.843600368402521228e-01
-1.843657048545291888e-01
6.901259103301550235e-01
-2.019580716660111241e-01
-4.197441845610108691e-01
-4.785081095119283479e-01
-6.396952426152741067e-02
7.718160791006767329e-02
-4.754878987088183573e-01
2.958295052251128099e-01
1.347217489227443554e-01
6.234832140623843832e-01
3.471671835077524970e-01
-4.329115632297623195e-01
-4.103932785305682285e-01
-3.150954047091581584e-02
-2.926600075763241895e-02
-1.633899941205689543e-01
-1.901922227420279055e-01
2.797226803984738108e-01
-6.768519652094635575e-01
3.282935693339579242e-01
-7.255427413152794047e-01
-5.482684207039932867e-01
2.548862392036180258e-01
7.676376046286796928e-01
-4.164091864180763936e-01
9.467622865473861449e-01
3.291309826702544794e-01
7.512640825141422285e-01
6.936781882897495866e-01
-6.955114639317353520e-01
-3.047014916381938221e-01
-4.968483658131123692e-01
2.884225383985523083e-01
-7.329322041697480250e-01
-2.758431810415846175e-01
-4.459026248239411627e-01
3.134827816346582750e-04
-5.934702712236725741e-01
3.649259892835731572e-02
8.861252938832894256e-04
8.533394287734468175e-01
-1.072206034975348388e+00
1.184195709123632145e-01
-9.126194949482805407e-01
2.101312311053769519e-02
6.692835651116794127e-01
5.144104318054701919e-01
-2.016060132720701170e-01
-9.845620160766115347e-01
3.197385319828157518e-02
6.515398965837729262e-02
-1.013722397443356016e+00
8.355639605968834260e-01
-2.155244924399954964e-01
-2.379365817987336706e-01
-9.138799379322632976e-01
-8.515444619532989146e-01
4.594779922326209798e-01
9.604201918607856436e-01
6.839401177253994213e-01
3.654224081682450054e-01
-1.029063019864230988e+00
-1.093456736379216476e+00
8.745301340195803519e-01
7.913381579907916574e-01
-5.394818088826831559e-01
5.940109607981339801e-01
5.522378585679783153e-02
3.204484154602037504e-01
3.693561233732093330e-01
1.445177290627944755e-01
-3.053810996300518332e-02
2.599295480636716338e-01
-6.267256271480251550e-01
5.479676347864330666e-01
-8.716395227208457996e-02
-1.064309607763402221e+00
8.191248914718127772e-01
-3.267068446984058294e-01
-4.829384758655881349e-01
-7.391342346825008347e-01
-3.649873309166021262e-01
-4.278011727091220184e-02
2.436845903085493037e-01
-8.423607842757380171e-01
9.327895872191220850e-01
-9.601063542853300881e-01
-5.611264033932887862e-01
2.638068604659686393e-03
1.814688494443922329e-01
7.211444502190785810e-01
8.635460273649726570e-01
-6.373632539104943096e-01
-8.957235802766858046e-02
8.935233607341263040e-01
3.936503890655201343e-01
-2.268961734839301247e-01
7.046881682356418430e-01
-5.144869144636566860e-01
9.632189448954756594e-01
1.267578419203588824e-01
3.707663294764159678e-01
-5.944920951645913387e-01
9.113043613380475971e-01
5.862024136875483293e-01
-2.752805995161861641e-01
-1.904373584727585278e-01
-8.247660461992675218e-01
-9.911688836241289158e-01
-6.058163925230921620e-01
-1.071162018895388979e+00
5.054806738687654954e-01
-9.041743131070939521e-01
-7.319109115268944699e-01
5.985990712989244789e-02
7.666243872399746140e-01
3.981740532658928355e-01
4.856980672247966924e-01
2.574213915596059166e-01
5.019225783621389381e-01
-9.808464314015929997e-01
9.314783641320345531e-01
4.766287689574995601e-01
8.347518565198670526e-01
-5.939938533322731695e-01
-9.815936210042226495e-01
-3.703589353757017616e-02
-2.556929480356046613e-01
3.457610058795215768e-01
-9.826936881500207832e-01
-5.889489822981801570e-01
8.787461769164450764e-02
2.790606863284122441e-01
-9.154698016584709164e-01
-2.442452772691990071e-02
-1.903784131936056279e-01
-9.614444291461027303e-01
-5.075357433109624061e-01
7.705215740005784131e-01
8.961790913279819026e-01
-5.528820133681796589e-01
-9.758170282244831295e-01
5.552466124901016542e-01
-6.523268915075610686e-01
-8.448245493079179491e-01
-4.199240082217362557e-01
-4.766948063694190219e-01
-3.933401715861081782e-02
-2.167829768875695617e-01
4.784215421532243551e-01
-4.915155436707184800e-01
-8.618281976016392010e-01
-5.532461235713754810e-01
-4.393037877821026616e-01
3.976426636269347337e-01
-1.505896443111640580e-02
-6.718220543680659684e-01
-9.144456515485980264e-01
-7.753790110379987777e-01
9.465812256452511564e-01
-7.129164565337435810e-01
-4.879553263361709470e-01
3.051471816472730025e-01
-4.437159088790237904e-01
3.226441043944353604e-01
-6.115865497732150269e-01
-2.226929662457901304e-01
5.137232605743893288e-01
-2.345873325513494756e-01
7.451799991785585942e-01
9.417930347619164477e-01
-9.745911884179447870e-02
1.083326943138768900e-01
7.623704243640032630e-01
2.905317663704605757e-01
-2.430243343977533665e-01
8.244947495107142477e-02
5.685609327388089218e-01
6.888243636318996943e-01
-6.392001209575923770e-01
-1.040220999000828428e+00
7.046332309078541245e-01
8.526040932588767607e-01
-8.435494918095158834e-01
9.649003777354245304e-02
1.500102854558552357e-01
-4.037102903683759125e-01
3.103576369619275299e-01
6.909085318486215405e-03
-3.463588541458403336e-01
-5.995669677963134658e-01
-2.815104811445286875e-02
-2.950036929761565285e-01
-1.556944769091672121e-01
1.714406863281026649e-01
-1.649389022989846132e-01
7.402877769775932926e-01
-1.665677475277655972e-01
6.626584554884720202e-01
-1.004904397031813001e+00
-1.658098290088468041e-01
-2.673760681889827406e-01
8.615105870305624913e-01
1.363448056477549186e-01
-6.079029900700594347e-01
-7.555384004128578024e-01
8.560896798438825950e-02
-9.642006837474000891e-01
6.297699433291535920e-01
-4.935687346145882781e-01
-3.995682611575986365e-01
6.596706834990480051e-01
-2.215399650066577630e-01
-1.450068748708257804e-01
-7.810791398080250136e-01
4.276904752697158751e-01
4.701757098916686806e-02
4.220433572500303931e-01
-1.600512595805108074e-01
-9.423776512576089726e-01
1.173415409825255690e-01
-4.290666469836660890e-01
8.439034411873620467e-01
3.176996653374482005e-01
8.553642998632179917e-02
1.280109380672790897e-01
2.190996132877274516e-01
-3.113267688473778105e-01
9.244613598904892482e-02
5.908468896421384953e-01
3.213162287026917197e-01
-9.335351185412513741e-01
7.505196803991995846e-01
-1.014028347264359420e+00
-1.379148943131908722e-01
-9.448435712632985428e-02
4.580249642636125551e-01
-9.894834388159755578e-01
8.017322728177256330e-02
-8.405566813336862175e-01
6.622078223601407521e-02
9.242670286614612651e-01
-8.893537770360550043e-01
-4.509956114852739506e-01
-6.342088807016448282e-01
-1.432216935565598370e-01
-3.235976011954049825e-01
-7.794248699958098436e-01
-7.363776407482063302e-01
1.786300657750384824e-01
-2.258191667754397558e-01
-9.276216334013238918e-02
8.287388530591963676e-01
7.322373379808047034e-01
-8.319449576186562778e-01
3.236781890210371770e-01
-3.548829783628649759e-01
4.220831288919096869e-01
-4.788948808919779032e-01
-5.632785837621593350e-01
-5.668591682451029623e-01
2.090314482015536712e-01
-7.898999417146251867e-01
-7.373624191077738921e-01
7.835257529983707947e-01
-4.226336979099076796e-01
7.910801675969099112e-01
6.159437651419260445e-02
5.937700946054361717e-01
2.734403221962505293e-01
6.066839132169278281e-01
6.257945919113330202e-01
-5.806203281286907020e-02
-4.948501366294292270e-01
3.901097432386103070e-01
8.666570376807442022e-01
6.925282639483387737e-01
8.641735781929719140e-01
1.531760548333068739e-01
9.038371832642262405e-01
-6.118669958975611611e-02
7.925775486294250882e-01
-1.416040767166412140e-01
-9.946431117106687703e-01
7.389151289573288039e-01
4.622166059877355626e-01
-5.167654705934120879e-02
-6.673953130672647394e-01
-3.408492797614953163e-01
-4.455105672153924501e-01
2.413495001212868363e-01
-4.586864499070706369e-01
3.653008127625513302e-01
-2.586325872544846805e-01
2.271023025612853852e-01
8.097099812472844382e-01
-4.461278268784981682e-01
2.374202460480934751e-01
-1.681096833845512062e-01
-7.567368067580788615e-01
-2.829595073820110329e-01
-1.174450983263675141e-02
2.392747024093171138e-01
-9.848249720263266838e-01
-8.494627185167212824e-01
-8.233478438607775285e-01
-2.151623924370748564e-01
8.175256986389702885e-01
4.326356559000972268e-01
9.099054158792847791e-02
-6.733950684293478206e-01
-4.479949756259978683e-02
-1.725107620402449304e-01
-8.428204954736977506e-01
-3.448941866531213263e-01
-2.468244894217610230e-01
-5.387796303088836503e-01
-3.963433952596598364e-01
3.537619393792530986e-01
-9.264247623215550176e-01
-8.790673863898157414e-01
3.909142842941500384e-01
4.499481310340074924e-01
1.743157237908762869e-01
-7.076304330870254455e-01
-5.487860593053127678e-01
8.674631240177719249e-01
-2.242916679735586782e-01
4.009341965233723104e-01
-9.515586981814581902e-02
1.641218857152686172e-01
-5.401378964615084488e-01
6.756027298033537853e-01
-6.452903375527772045e-01
2.632149347357531366e-01
-6.954691164480076848e-01
-1.887297796417440887e-01
-2.573324651664481988e-01
8.592170762420964225e-01
-3.862403961559758292e-01
-3.460261622584054342e-02
-6.349199034337970060e-01
7.829272704365397573e-01
7.721521305424927650e-02
-7.600803536985338837e-01
-2.710799842923727332e-01
3.598796902754279325e-01
-8.125145067151361422e-01
7.764183206898553347e-02
2.624608414990186808e-02
-4.456943927145475826e-01
5.460982767181488118e-01
-8.896766585350390777e-01
5.436522290900028809e-01
-7.712427808892866610e-01
3.266522245859804219e-01
-4.408810212061475831e-01
-5.576307844348878939e-01
-6.387490914381196427e-01
7.911603625245378080e-01
2.085285509742831056e-01
-8.808850844128625068e-01
6.884751906165893498e-01
-1.150659061282522516e-01
8.003147737882347901e-01
9.652364837865411162e-02
3.430229924326581581e-01
1.556472790921989979e-01
2.390401850277222018e-01
-9.789849280320179759e-01
4.125428763847390212e-01
-4.523279615343523408e-01
9.071407488630345295e-01
-3.534764221257724048e-01
-5.041001514575533804e-01
-2.172561504459896153e-01
5.306009024253421913e-01
-1.830856513922868023e-01
-4.091281750547876017e-01
9.586744277490366617e-01
7.854043190270626473e-01
-8.383876063027868586e-01
-6.137785791641436894e-01
5.826736235829288457e-01
-2.680093506453229968e-01
1.899077284658262921e-01
-8.152652586832240811e-01
-4.459143517697981562e-01
3.523354437512185022e-01
-4.327014249324886985e-01
3.546377766981861357e-01
-4.180985493354281712e-01
5.971327942882717066e-01
2.937822400912691867e-01
3.362082362222709730e-01
1.500032732254320267e-01
-4.022636333714835200e-01
6.340859132648483110e-01
9.813539097973396352e-02
6.836942085600806740e-01
9.435781750791363276e-01
-6.886504567201469085e-01
-6.762758672946602712e-01
9.526062849165325419e-01
-2.519229412591720285e-01
-1.852991460422968029e-01
-9.547010395716785114e-01
-7.580547507805089902e-01
-7.170559699687729660e-01
7.524015847726489570e-01
-1.919130447746446311e-01
7.291358069118484275e-01
9.747801571046581237e-02
5.519262254852365102e-01
-5.880471013491205684e-02
-6.881981845226499139e-01
-4.626135347675404685e-01
5.844900011930496131e-01
-9.181744751011211569e-01
-5.446462674576996177e-01
-8.267685228326739910e-01
5.539814785864894953e-01
1.906367642510015115e-01
8.248898373163062736e-01
4.084536264404243777e-01
-6.948530343841118340e-01
7.966802193432447332e-01
-3.115647337705145237e-01
5.683507532801906903e-01
6.280838439857229227e-01
5.958969445274363980e-02
3.793009161486649572e-01
1.929675931989029702e-01
-2.572224459802983643e-01
-1.024704044877891240e+00
8.535366463265108283e-01
7.705792187686083539e-01
5.148014827927368531e-01
2.442167970066571048e-01
-2.777817850652988807e-01
5.574732715031996966e-01
5.788617996481214556e-01
-9.032883519606098588e-01
7.097412849692796843e-01
-1.000630848917993809e+00
2.948222275060762287e-01
-6.439875811231255964e-01
-1.203249772671236978e-01
-8.703537790401738583e-01
5.917803559187261309e-01
1.614744730558271835e-01
8.027631789787604832e-01
6.506061169489463225e-01
-7.021405616759682777e-01
-5.047712011881143601e-01
3.487601930824562046e-01
6.835285885248323368e-01
7.531298387500813540e-02
5.904551368672873446e-01
5.009428281084107315e-01
-9.788698899226233596e-02
-1.593316447283610049e-01
-1.846135293421330981e-01
-6.025967167184352602e-02
-1.020750943019546053e+00
7.033182608751963327e-01
-5.743731886828066235e-01
-7.064166274131037371e-01
3.558870947385884831e-01
-7.943155288698423577e-01
-9.544739697642189435e-01
-4.530180533363702827e-02
-1.010420990057680379e+00
-5.625323031615209191e-01
3.464819279747103908e-01
8.628188089682083950e-01
-8.018696789769910183e-01
2.985251637616039844e-01
-6.341979815312351332e-02
7.556205035578291707e-01
-6.683512243815089571e-01
-4.409841863970040410e-01
4.031513828812716693e-01
2.196362509882415770e-01
-4.051661215627275214e-01
7.276908710289216320e-02
2.214097075757466282e-01
4.939678326888104487e-01
7.935740301510854633e-03
-2.816009591453916827e-01
-9.820387880869858588e-01
6.039696006919105520e-02
5.904016342997175926e-01
-3.835276551866591555e-01
6.068815266552676224e-01
8.060660569639601647e-01
-5.050374206794524534e-01
3.826319337701945544e-01
-7.179410125696618072e-01
1.617940336944845292e-01
1.267293037817847634e-01
-9.339017350798877182e-01
5.238134792896091685e-02
-8.588734946690738115e-01
4.666540016839205163e-01
4.687214548394871283e-01
-8.813621650287967180e-02
5.294995434751407215e-01
-4.365910653224489013e-01
-2.508168586168361136e-01
-9.536169061839090411e-01
-5.456751078977818414e-01
-1.844647708213564830e-01
8.233777803417607899e-01
-7.573109008432489242e-01
-8.432804117770248409e-01
-4.752878299068058476e-01
-4.121955996627313379e-02
-2.603515278554994206e-01
-3.874414947971348555e-01
-8.232718963803223877e-01
4.822446239846648330e-01
-2.900479025738161298e-01
-7.036509507569456146e-01
-6.996583719240982990e-01
-3.858821248824472749e-01
2.803922949914525176e-02
3.925886954110279631e-02
-4.693908561959234116e-01
-5.511695648404106862e-01
-4.637312146497388765e-01
-8.359250196839692615e-01
1.915712283753795708e-01
-9.582688526625497971e-01
-2.212283554989353807e-01
-7.649603354268579292e-01
7.521395727113144858e-01
-6.674129901216657723e-01
2.558092612815880962e-01
-1.204000743076716617e-01
-1.037953381808816244e+00
5.998856492390596262e-01
-6.849311822990504783e-01
-9.640083824032764648e-01
7.066789016419784408e-01
-5.101627613379540183e-01
2.623122942573446470e-01
5.164809660213944831e-01
2.435058655453735954e-01
-5.647749203575510579e-01
2.756576036301852661e-01
4.937532855025523748e-01
-5.554161504443236863e-01
5.705292346793140040e-02
2.808995453089587202e-01
-3.392803054162472631e-01
2.905307637007044641e-01
5.592619599315241663e-01
-8.170984077196199458e-01
-3.199539525168135223e-01
1.824424291750055271e-01
-8.359284807209275137e-01
8.917414153574303448e-01
9.292932323683442686e-01
4.898627908141123810e-01
1.324101236539226012e-01
-7.867936610028711808e-01
-7.185995357806467254e-01
1.456272553015944826e-01
1.033004015593104452e-01
-6.933473615121228395e-01
5.484765449819744010e-01
-7.018315833025220440e-01
6.126673854910270611e-01
2.924169958892597898e-01
-2.409411201036680550e-01
6.237983854025519470e-01
-7.041500498672219610e-01
-7.481642208432511820e-01
-8.408509258693448452e-01
-3.931102611846324923e-01
-5.458924638128623830e-01
-2.584566004938998462e-01
-1.933131553722041707e-01
7.687189140108643404e-01
-2.375953416973443921e-01
6.511149128227984306e-01
-5.232801021067332581e-01
-8.114811676699434928e-01
5.586200138355483791e-01
7.170718456622087178e-01
3.674141623805624590e-01
8.131939816655185949e-01
4.396686189370869746e-01
-6.725064757949617000e-01
-4.852068721095591508e-01
1.056901470277237520e-01
4.965374313874689194e-01
-7.558396882219192703e-01
1.940941418801347129e-01
1.922996656162074061e-02
1.925795989256149920e-01
9.088316546993421285e-01
3.705558576994944509e-01
4.909783525069890131e-01
5.855783174282922499e-01
5.256550883576935895e-01
3.440951176337087025e-01
-8.344701116890198556e-01
-9.610816003458257928e-01
-9.011183820499160113e-01
-8.218098525823659406e-01
-9.333051125482599852e-01
8.403324190253599335e-01
4.207999010507393889e-01
1.939217023272543083e-01
4.843634719533011501e-01
-5.335071777889653921e-01
3.640972186599978483e-02
2.257328716729867513e-01
-1.017280029749096926e+00
-1.069609769769976210e-01
-5.214431897096788449e-02
9.512105222368749669e-01
9.129676677099676230e-01
-3.137354170948737919e-01
-2.463583566392998359e-01
-7.404638022178781087e-01
-2.010168816048370499e-01
-5.083023883551754940e-01
-2.965058087484533922e-01
2.638952692520468157e-01
3.547374110326553809e-01
1.724678400887002250e-01
4.511663271253926188e-01
3.019096417788385556e-01
2.671196148250743474e-01
-1.412552479338174613e-02
-5.775554564064376839e-01
-7.455026845116581313e-01
-8.077561214719620741e-01
-1.224413034174521159e-01
5.916385147345849527e-01
-3.233460052786613637e-01
-7.024125755693407802e-01
-4.667294151056076701e-01
5.448492667491469099e-01
-5.092630714202474040e-01
-3.122357366080840135e-01
-3.922178472144024486e-01
8.862894841912638544e-01
-4.476747563574410421e-02
7.383856445936127777e-01
-4.496199439373417817e-01
-2.806618359281496944e-01
-2.106086203722292161e-01
-2.053777378615064542e-01
5.444038778325972494e-01
6.254364013993479743e-02
4.754103096825353925e-01
-6.619465789498889530e-01
-2.610600972474034775e-01
-4.007775850225612779e-01
6.969339445890245788e-01
-4.878420872352474680e-01
5.860796023859888848e-01
-5.621736627661839680e-01
-5.619704842929436062e-01
-3.125188651291330166e-01
8.816968423688156808e-02
-1.746539012419872083e-01
3.430176558132558284e-01
1.196805856677003455e-01
-8.959211884679511018e-01
6.829033417765593139e-01
-7.019929425567457137e-01
2.890368289400449542e-01
-3.378777739465100294e-01
3.270822627035634977e-01
7.460924019317199951e-01
-6.184225822244511228e-01
6.639413992029623568e-01
6.039776929230762370e-01
-5.141210908045299455e-01
7.833602107298519301e-02
-4.587634601222977393e-01
-3.590339485160609634e-01
-3.964320909712369390e-01
2.449980859392126009e-01
1.950990282381653285e-01
3.412915353366806626e-01
6.395240090160169144e-01
-3.444979060301656126e-01
-6.665175733549666415e-01
-4.269364419955288259e-01
-2.776807654062628528e-01
3.802721918272195523e-01
3.818166027881700342e-01
1.264325026518218487e-01
-5.458831215158637118e-01
-3.660165298892913404e-03
-4.872289564000991668e-01
-6.466095366010367052e-01
5.129881030090362171e-02
-1.071128773550203084e+00
-6.608371107523829391e-01
-5.516621738497379246e-01
6.863484643685774378e-01
3.267196509237602076e-02
-5.373686289330880106e-01
8.958984523813029455e-01
8.506633313181481970e-01
4.111871475202353299e-01
-6.391369921257669118e-01
9.198206548766927337e-01
4.893451231654104006e-01
5.982993521668978909e-01
-2.544175712010233736e-01
-1.751864306403952964e-01
-6.150829989267778686e-01
-5.420905705597015567e-01
-1.237629942908271413e-01
-3.675675085896435434e-01
-1.845949379701283533e-01
7.422655064830038230e-01
-8.765883630516522196e-01
-9.820753512423503750e-02
-5.401278581029611559e-01
-6.984422830906671376e-01
3.002665994887740442e-01
7.448460258513884824e-01
-2.189630721104896816e-01
-2.207873707010394593e-01
1.004635602334777555e+00
3.466273271809069967e-01
5.158570413400184185e-01
1.666106091344749796e-01
-7.393400435959321948e-01
7.622283545221882894e-01
-6.553416834886451880e-01
-4.440203811625034053e-02
-5.133065856669214444e-01
3.563397395831022912e-02
-1.388925133922482291e-01
6.467762445715125041e-01
3.559602617695670213e-01
8.819016158755547119e-01
-8.285409683885630594e-01
-5.079896865457762534e-01
4.148864854474876296e-02
-9.908640944030725484e-01
-2.516571322169171565e-01
-7.204662566615857022e-01
3.608510457071503197e-01
-7.600589259470825754e-01
1.319559063335591920e-01
-4.851111791225453662e-01
-3.480747382613095242e-01
-1.215278787612267403e-01
-3.162900378415516300e-01
-3.422245024265386237e-01
1.234886613728563426e-01
-1.894547232434773965e-01
-2.099976484014545453e-01
6.975748790728203419e-02
1.003000019346128369e+00
-4.143560890583918299e-01
-2.278372377241598135e-01
-5.920384022574589622e-01
-9.457981998831306303e-01
-9.265153554359722987e-01
8.912955651350779052e-01
2.589473213755355552e-01
-5.633970077733049253e-01
6.290861505472320481e-01
-3.386402298572639413e-01
2.030529332713433832e-01
4.758094507924697236e-01
1.701467554775436264e-01
1.855369540436302769e-02
1.011559176986119163e-01
-2.130075230898506866e-01
-4.800270823751092708e-01
9.096496069084664127e-01
7.875580032195403923e-01
-2.756337000456197117e-01
3.740183593723094002e-02
6.479973123415420089e-01
8.129190168721618370e-01
-2.772503369397176787e-01
7.387354523343124812e-01
-1.913911552703571328e-01
9.566544476139358100e-01
2.431607996598474097e-01
5.802470949976432646e-01
9.262802871786985914e-01
-7.674805857035332801e-01
-2.732795186308218383e-01
-4.781102373777955661e-01
-5.442645710443685392e-01
-3.816942828824762546e-01
5.370272005060537923e-01
-6.789284634333896395e-01
-9.830021010470609832e-01
3.272106560921301810e-01
3.041432666396700624e-01
6.739292892607542385e-01
-2.145868896040020457e-01
2.769819644610906351e-01
1.675961427063459019e-01
5.619137499982935768e-01
-2.105506997830098870e-01
2.096065261216797371e-01
-8.613892807795685558e-01
6.647160976671868671e-01
3.822829491168759364e-01
1.571091671944258028e-02
-4.855935642037310651e-01
2.175040997687444633e-01
-5.070857950403455383e-02
-1.793952680426482149e-01
-2.788876054969399720e-01
-5.229650465378024027e-01
-5.656222669657936380e-02
7.272056556292169072e-01
3.836892828164262803e-01
-5.049648782660148827e-01
-8.598857003355532269e-01
-4.775598091603234230e-01
8.863843355310150329e-01
9.807827165952003323e-01
4.847194018225430834e-01
6.382197540563055993e-01
-3.340284521855440558e-01
2.260342127388338396e-01
5.713820425083273591e-01
6.798837640791012271e-01
2.845028139922046173e-01
-5.925597221259257807e-01
-2.218702804169659371e-01
8.847544439727086374e-01
-6.970148370527253640e-03
1.242066619184320070e-01
-3.538428522665731935e-01
3.642706480346805664e-01
1.502640762752512349e-01
3.150387468535146285e-01
-8.629228591112992897e-01
-1.149710559691472234e-01
-4.088684504330538094e-01
-8.807617236322602405e-01
1.164911685219525463e-02
-9.348288514369691438e-01
-6.881333328544577688e-01
1.516174827867532160e-01
2.592766398912076387e-01
-3.485063864630470465e-01
-5.926939714970722584e-01
7.819096280183878145e-01
-1.026733896815972408e-01
3.035987494174943735e-01
1.177163559148180078e-01
4.158131309865888969e-01
3.994500831683735487e-01
9.779881712203132293e-01
2.040004250711026645e-01
9.536002802004795997e-01
3.628009654215514357e-01
-1.268865122131945800e-01
1.726127071290372295e-01
-8.871623964550482411e-01
1.168995985788125747e-01
5.251902125336718186e-01
7.640405674813641745e-01
-3.543566023333528658e-01
-9.496699557468868749e-03
-2.097561098794966106e-01
-3.749978650247050987e-02
-2.212849346808179463e-01
-4.959542142483895633e-02
-2.220561545167130668e-01
-1.212306858971854417e-01
-5.224624316355417353e-01
8.736571742284225950e-01
3.284291298624690270e-01
-5.634604402278630131e-01
-6.310885894877572566e-01
-4.032519196440067510e-01
5.391346802824725781e-01
2.416423259911130439e-01
-5.884896918465590820e-01
6.529916644590316732e-01
-1.535615507291277770e-01
6.753079234574603795e-01
1.078791749110078746e-01
-1.126659754139978584e-02
1.337782565546209168e-01
-4.694211978938399032e-01
4.147431760598753736e-01
-6.698506064732108189e-01
2.328870844576636512e-01
3.408178298227422798e-01
-3.125395745654181434e-01
-1.198026806085954327e-01
-9.887442808424913299e-01
-1.048583900592008344e+00
2.023158736141700553e-01
7.538779132456189247e-01
-3.633279269003121259e-01
7.503078010743340354e-01
6.793341671294791384e-01
-1.751523633909441158e-01
-7.191071834807178931e-01
9.084626716014552184e-01
1.244494146419272834e-01
-9.514169692619778296e-01
7.765054200292230702e-01
-5.214110238445979206e-01
7.316488512606792449e-01
4.120512369802376562e-01
4.219459124754755819e-01
7.405926080309603865e-01
-9.062959203835478927e-01
3.300490936318521418e-01
6.455354391037140260e-01
-1.063609982152788902e+00
7.671192336605155981e-01
5.321934395851691812e-01
-4.995252088329721341e-02
-9.547251268101120125e-01
-7.702699854820048708e-01
3.530622039872509665e-01
-2.728907511417673626e-01
7.454139769345575761e-01
-4.234273466525921847e-01
5.931598143105368814e-01
5.503099418713546243e-01
8.607929542594383587e-01
6.442092691054135400e-01
-6.335651078782101875e-01
-4.243662831595942375e-01
-7.082436493154169177e-02
-7.975180112967723556e-01
-9.699184930780836433e-01
-1.045693524383935813e+00
-9.018918388689729504e-01
8.448773732531967839e-01
-2.667353739514308764e-01
4.632074637561683916e-01
2.658805897961627474e-01
-1.554943590070156367e-01
-5.463978962029357733e-01
-9.125151084733565399e-02
3.174974564487614281e-01
7.881820867520940299e-02
-8.848004602524998929e-02
4.581194433197156579e-01
-3.766879148970944668e-02
6.637078132602730607e-01
-7.886272792947918164e-01
-2.728148262090530074e-01
3.359055517720281880e-01
8.073940695245793719e-01
9.202096741886547915e-02
4.349178246786785107e-01
4.648392262439330902e-01
-3.360300235726382256e-01
-4.563849864218115782e-01
1.826329792926546514e-01
3.321717640704805463e-01
3.061641395076418748e-01
-2.001253793431879702e-01
1.767972838377089573e-03
1.195889366644694307e-01
-1.895686521632502508e-01
8.809238717059546531e-01
5.068723115521533984e-01
-1.716925337580703370e-01
5.388774185691924679e-01
8.304400609882591766e-01
-4.437324887668766919e-03
3.821711489184441146e-01
7.300033533015383158e-01
3.461877035663502578e-01
-8.466020551642696734e-01
-3.702345452085518442e-03
5.473652770444354942e-01
8.493751963531446236e-01
-5.809264994403801063e-01
-6.351399611641926624e-02
9.087319061668556186e-01
-3.038667112349661137e-01
5.803313053883609740e-01
3.698369642645749078e-01
-7.861712570628903718e-01
-5.767478009177038345e-01
-1.073819281701637735e-01
9.458318746273350897e-01
-7.165279804286998067e-01
-1.028691263622221602e-02
-1.696117169183633255e-01
6.827083571836937148e-01
-5.810475900468961008e-01
4.552485587118405008e-01
7.896815065622964092e-02
-8.953218371772885265e-01
-8.521076159635424530e-01
-9.883936759842274489e-01
1.017418894063548684e-01
8.944289527729329947e-01
-8.847419759073232859e-01
9.265955726353540811e-01
-1.313614795246152191e-02
4.616395761813607557e-01
4.951994758805474128e-01
-3.015636812346600415e-01
-6.662939732512895841e-01
-2.040632171898141001e-01
1.821016202588787158e-01
-5.367862307619433171e-01
9.909114726317867772e-02
1.599984496010446178e-01
-3.725733034310828029e-01
7.208624889053666385e-01
-6.746906984087371884e-01
7.163902835516947620e-01
3.680750609976821686e-01
7.014338860736422099e-01
-6.914701928711562973e-01
-8.128455118000483814e-01
9.610321140228879067e-01
-1.220259849707109462e-02
1.024451731881671594e-02
-2.012637445379091283e-01
4.032672288460500964e-01
-3.835453536648906758e-01
1.906278789038669819e-01
4.388904930071770849e-01
1.563175946141136807e-01
5.497876154846252639e-02
7.004630236508108121e-02
2.781712200150914249e-01
1.954344542636597126e-01
8.080564147679074605e-01
-7.557234200748560449e-01
-3.957592755523783173e-02
5.347449816554971092e-01
-1.341231262139516989e-01
-4.924559012113565171e-01
-2.907123773234482900e-01
3.221510174118188408e-01
1.674385928672788848e-01
-2.161680715069095871e-01
7.763489628311753821e-01
-8.767094245572257805e-01
-5.379413937443910942e-01
-4.107452551401403196e-01
4.295213308606690150e-01
4.359884154872626372e-01
-1.439396099183501421e-01
1.269259767154228558e-01
3.789218333454844045e-01
-7.688300797814193732e-01
-1.022353237821462590e+00
-3.674770122898118330e-01
2.216654260423651102e-01
-7.882460226970336992e-01
5.342405883648267961e-01
-6.974152133723081348e-02
7.998922404414716691e-01
2.404679531838541454e-02
-5.782225324757105378e-01
2.456902122375226316e-02
-8.123694166365128533e-01
-8.885061233851948570e-01
-9.364341659934000139e-01
6.193409800625051531e-01
-2.292662566138232716e-01
-8.701619385727570322e-01
-1.907601838421327245e-01
7.320766869461110826e-02
-8.689240128720937539e-01
-1.950114846680946479e-01
1.443942565194331895e-01
-5.414207030512799834e-01
6.297948712757408529e-01
8.498767128989495045e-01
-7.181907082850970125e-01
1.578222321066644895e-01
-1.486535132343953514e-01
7.698427275060062414e-01
7.114437058876464937e-01
-3.310061469434532055e-01
4.885791036104495944e-01
-9.804417581906670343e-01
-7.342542686955502163e-01
8.460399566815450800e-01
-8.297854060451881342e-01
2.594032667863410691e-01
8.617495736853759691e-01
6.200721295724221926e-01
1.530341108582953039e-02
4.193764521278605661e-01
-3.628688659149475332e-02
-1.068195275450940285e+00
8.973153884638263023e-01
-7.915916317370494948e-01
-4.152621688957677804e-01
-5.965400508848438532e-01
2.604572319579531725e-01
-2.431029943279525152e-01
-5.206689225494363082e-01
-1.030690818339570214e+00
3.620069100759820135e-01
6.289340487041038263e-02
5.808019762231175775e-01
-7.465753004445255803e-01
-1.837572350535932389e-02
4.227810226339129285e-01
5.625635529081851605e-01
-4.911065195029102881e-01
5.273138713468231709e-01
3.707450898979781639e-01
-7.810919246635791291e-01
-2.157244197642202155e-01
-8.808082953607229149e-01
8.351579800205898296e-01
8.970564119346512433e-01
-2.856121810361946789e-01
7.153691636048185032e-01
7.332907435606759172e-01
-4.014356205572497394e-01
2.739534602407205088e-02
6.014164168121995946e-01
4.450972826060646259e-01
-3.658477975662629555e-01
7.245788867838904856e-01
-6.727280891132043916e-02
7.578371782415340707e-01
4.994356787891492400e-01
-9.464133487590817850e-01
3.065286286049275777e-01
-1.305319320784849579e-01
5.957876878049289671e-01
4.592510579582818608e-01
-4.911477784209721809e-01
-9.774213934702749018e-01
5.758508172697749394e-01
-5.749592304929257436e-01
-9.373224645604304461e-01
-5.380370759312869122e-01
-7.450960197662315210e-01
-2.983922051529273034e-01
-3.399814916330770043e-01
8.015253646980095015e-01
-1.694799442072961737e-01
3.063095036407571525e-01
-5.582675103449509235e-01
9.078074959144502021e-01
-7.213639904826325833e-02
-7.672118947476462836e-01
-7.367157660864858126e-01
1.382138278872306059e-01
-5.660022890169295051e-01
-3.178173924503303049e-01
9.617348598322068565e-01
5.913158178576031210e-01
2.271018457626321208e-01
-3.473209154471944560e-01
-9.483108213642247319e-01
-9.112827265120592157e-01
4.104348549411100944e-01
-8.361872857932289849e-01
4.324724612724603623e-02
-3.206466916040061066e-01
1.101251559525166235e-01
4.004419721140711208e-01
-4.581835964258750282e-01
-9.858045114822125976e-01
3.256349412790014441e-01
3.755154407732627653e-01
-3.317913748507977933e-01
-2.640583419559381362e-01
-5.635948468586537974e-01
1.709503342738960541e-01
5.273554325597017423e-01
-5.608016623426624880e-01
7.998030165141544190e-01
4.882546898244867206e-01
-8.403874634659455056e-01
5.964616096366869291e-01
2.948404003954891439e-01
-8.858924749501019269e-01
-5.478808601394780098e-01
6.360331229274717169e-01
4.649619289162875146e-01
-8.203426907428457149e-01
-2.414260489947667732e-01
-3.473484260558201697e-01
6.846259127416253198e-01
4.839903704251677929e-01
3.488302660036831093e-01
8.935037284405881186e-01
6.883051096963816590e-03
-6.267338608502975861e-01
-8.879923793610347005e-01
5.563890555125736714e-01
-2.194978670792017417e-01
-7.608302214644332429e-01
-1.784731979511634259e-01
9.424651723030409434e-01
-8.442690379324977457e-01
-2.585406134167168024e-01
2.652232202412231898e-01
5.567696780253823530e-01
-1.022445563583384676e+00
8.884865247176378933e-01
9.954519614485469736e-01
7.076637013258310072e-01
-1.048216625562915727e+00
-1.000184907413435242e+00
3.448236612454868427e-02
-2.946825124548198005e-01
-8.445340921032492565e-01
2.332484322212319827e-01
-3.267424117368154524e-01
-2.930532453560880657e-01
4.011539596677880515e-01
-2.521447248988109568e-01
4.020229364616800805e-01
6.060467860948729468e-01
-2.843776751818728465e-01
2.188977379343462204e-01
-3.095586878454266166e-01
-4.913286419564925900e-02
-6.732475759358500511e-01
7.631415852437591074e-02
3.995987794283469841e-01
-2.340727807349827216e-01
1.338293490215160808e-01
-6.097699065860352485e-01
8.285278571266013747e-01
9.135470457305773229e-01
-3.560176569561027682e-01
-2.528823425224640542e-01
6.772827389640926343e-01
8.960654347650230944e-01
-9.959889053050587915e-01
2.796051622806560721e-01
-7.651331692926718886e-02
-3.983892396287124771e-01
-4.544310834272623500e-01
5.723468281321900664e-01
-7.811284506817046669e-01
-2.308790678715749445e-01
1.761481324118879810e-01
8.948254100230422781e-01
8.904920754345603262e-01
-5.512245519773561683e-03
7.231411248602775954e-01
-7.327907031728725373e-02
5.995856225761135860e-01
9.326204735216706565e-01
-5.906851218497730649e-01
6.290887015180095521e-01
7.332699937523221578e-01
8.465682809112282659e-01
-5.047733747822723549e-01
8.311828764461716146e-01
5.222725374874452875e-01
4.603117258503647835e-01
-9.647812926820341639e-01
2.082573701124262600e-01
6.978769441277120622e-01
6.054361902328906364e-01
-3.652792702946637271e-01
-7.186213398786274187e-01
8.495184342437949176e-01
7.864802530927228474e-01
-7.256765878796408442e-01
1.682434186580057667e-02
-6.280716181452682401e-01
-8.770701021159980071e-01
3.452517674322828634e-01
7.819248104742260175e-01
9.726173178470426395e-01
3.831011595697161320e-01
-2.487680276740159568e-01
7.287687845233323802e-01
4.527170378970006848e-01
-3.965896690136884728e-01
7.866314853036632249e-01
-9.153927507188929225e-01
-9.869524685194318581e-01
-6.657910201076390200e-01
7.643457564198335996e-01
4.312922883484868741e-01
7.975585822171167294e-01
5.792015322301059532e-01
7.677403432771853220e-01
7.717402921281164563e-01
4.235027936711029950e-01
9.940210395477836469e-01
4.711258551382648263e-01
-3.782545090898672274e-02
-3.358982863841251665e-01
-3.951251849981502473e-01
3.671377302825264977e-01
-6.316436416889826821e-01
3.138397090648337717e-01
-3.367876763627004194e-02
3.855712780840957477e-01
4.752212111640857772e-01
-7.756515132290834336e-01
-9.908276979621056801e-01
7.215370117839977615e-01
7.488666901236005202e-01
-7.497193926216851878e-01
-4.608314837415828369e-01
-9.432925197636579107e-01
8.110199765346950418e-01
8.493851588059984081e-01
-7.526084698764436975e-01
5.264999518550355084e-01
-8.858264531858914825e-01
-9.879848772672906732e-01
6.008390018120371989e-01
4.846850447232713410e-01
-4.237692900204867441e-01
2.343245996795230990e-01
7.994989652972760430e-01
-4.495015585896919297e-02
8.406237224680094267e-01
-4.490779533181769034e-01
-7.248361950281450028e-01
-2.724370993783510331e-01
-8.068217260716965544e-01
8.341234355634244979e-01
5.506197757857449471e-01
-9.990300091965646778e-02
2.024747867560475756e-01
-5.486506046673540471e-01
-8.246418098855718970e-01
-8.643717998689530724e-01
4.238040532111080338e-01
8.126877712814055688e-01
-8.589457250608921735e-01
-9.913402999966794971e-01
8.242507298539313298e-01
-5.289537405307614959e-01
3.387744269423406673e-01
-1.286742189319983742e-01
-6.252854104413382297e-01
5.939778178282378862e-01
5.208930260933298806e-01
-2.349168756061147112e-01
2.396117616207656120e-01
3.842715780221018229e-01
3.765895134832046853e-01
6.989262217918805753e-01
-1.905018106138986755e-01
-1.961803597916698394e-01
3.184752299205710346e-01
1.153067848808853879e-01
7.300327479345503079e-01
4.608954425765833807e-01
2.847993208200998438e-01
-6.071296995449381173e-01
-8.785928736763556346e-01
-6.039008993137114784e-02
-8.329849654840293383e-01
-6.803563687335851817e-01
-3.668198555942320804e-01
3.685342968865372715e-01
4.429945971421140882e-01
-1.007435466606773966e+00
5.896179725702251906e-01
3.276827684444562627e-01
-4.614277353917388136e-01
4.835966070549290730e-01
-8.114214260547986113e-01
6.484998053092931591e-02
-6.699480710441887421e-01
-7.113613727866508786e-03
3.726491830931669830e-02
-1.030142144044248420e+00
7.594786181226167998e-02
2.379246889635580897e-01
2.632580633881124732e-01
-8.419224287035600440e-01
9.277409657663727716e-01
5.142035393439342572e-01
8.537393665493576700e-01
-5.956575902726395366e-01
-4.350365021055323522e-01
-9.462949337138008843e-02
-3.218122095830400382e-03
6.584421909288676877e-01
1.369705681452191084e-02
-2.788948666078873428e-02
8.500308824233427929e-01
-8.566126454388419686e-01
3.844125283220461431e-01
2.841915996385933618e-01
-6.973812364967746369e-01
-2.934232625722567045e-01
6.901527682277021070e-01
-5.860471337238543077e-01
5.767753977295851930e-01
-7.347712303540695489e-01
7.411323040289202746e-01
7.653726241235532246e-01
1.355001550150504441e-02
-6.120674661812105510e-01
6.762915004211250691e-01
-7.976167504945556042e-01
-5.600116718154868334e-01
-1.671235853993624509e-01
6.711845608969861932e-01
-4.613636166101354186e-01
-9.913584394923456999e-01
-5.350797435732327356e-01
-2.497509884035341576e-01
5.133832892897937095e-01
-6.797960581999977769e-01
2.931808035609380081e-01
-1.596386764942786876e-02
-5.777061556834612865e-01
7.581321388694598484e-01
3.551563911184508204e-01
5.756364761296201005e-01
-3.289660802263404127e-02
7.858138323719184859e-01
6.407209367791786292e-01
2.732019473141351629e-01
-1.776601916409924764e-01
-7.991636199476713776e-01
-6.857617243458595802e-01
-3.622844372190108797e-01
3.215923733261173423e-01
4.122506484024074935e-01
1.630901800549197922e-01
6.726099278134046733e-01
7.806380921778954818e-01
-8.252364272892022123e-01
-1.305907615227255569e-01
7.548354976042979114e-01
-2.366945614476969051e-01
-7.759756397664465677e-01
-6.227849484950437331e-01
-4.029225292154727800e-01
5.461911189651907916e-01
5.662287714347571388e-01
7.016912372899382078e-01
-6.335952149830026414e-01
4.253174259114803069e-01
-4.890954974924086041e-01
2.152550482230511375e-01
6.845510881808742898e-01
1.061776842218496199e-02
-5.901156238154975364e-01
-5.864670363044759416e-01
-8.857531051935799704e-01
5.256542544311931797e-01
-5.751401073393073993e-02
3.175363035933827516e-01
2.497565576730126358e-01
-5.325813055855445066e-01
5.342318332938841285e-01
-1.826953564541344832e-01
6.055043201394015150e-04
-8.434231738209265750e-01
-6.449321140498187610e-01
-2.340947994349277250e-01
9.067278147742491301e-01
3.489398018309114533e-03
5.150504861047031646e-01
2.578539502456837496e-01
4.101005724497318594e-01
2.549037555883014727e-01
-5.735739214245731965e-01
8.662801178051615647e-01
-5.537263960327500900e-01
6.348138497992368290e-01
9.764606845169011562e-01
-9.023903556004695403e-01
-3.374382100298526366e-01
1.679996323627734253e-02
5.808586373380386636e-01
3.284248997858038033e-01
-8.662234671183087764e-01
7.698595702740604896e-01
-3.648445464272933036e-01
-8.654621741880771379e-01
9.327745763783473754e-01
-8.545927665269257290e-01
-2.498429049991256201e-01
-8.115481989765913617e-01
-9.309997800372907806e-01
1.043930804861768147e+00
-8.960545506352197709e-01
8.916947917915079014e-01
4.994068541114295989e-01
5.371501364815356450e-01
-9.621480576439507271e-01
5.666409095785397421e-01
-8.740870618080347487e-01
8.530244287339272535e-01
1.271697859836440174e-02
-9.550050206942463094e-01
8.473079416050817159e-01
2.871182104715820360e-01
3.449845948691477315e-01
-1.765344782849343971e-02
4.831005255960739153e-01
-1.498005411870789172e-01
5.307395191518045063e-01
-4.089342440170152804e-01
-2.462732574560307364e-01
-4.436041913055425168e-01
-5.417570109026743630e-01
6.262968504374831491e-02
-4.069371946616684443e-01
8.075718059873870924e-01
-4.417081370663171191e-01
7.385346798004591706e-01
1.337411873070644408e-01
-6.954961776032032583e-01
5.913009305280831907e-01
3.177546347780195735e-01
1.201568895528153380e-01
-4.054395014355690052e-01
-7.899071549013672033e-01
-1.742609146767011841e-01
-1.371291454066021764e-01
7.128001125483357514e-01
2.777571258948341448e-01
-1.266083869297698616e-01
-6.725881761322972940e-02
-8.261356055757805850e-01
-5.704530795541808974e-01
4.261101847318208846e-01
-7.161435138141124535e-01
-9.301235087366747090e-01
4.172018400281849448e-01
7.962155558065800998e-01
9.209532795393941124e-03
8.247367162061679524e-01
-5.712539663298370485e-01
1.509098157112036612e-02
3.025958509913445060e-01
-3.267295137504966362e-01
1.431306842707317228e-01
-5.825369967867101151e-01
-7.001185534717347947e-01
3.333229740604894964e-01
4.605717019841381599e-01
7.256016241588486571e-01
-1.445187720479380877e-01
-5.270015951667432752e-01
-7.560577937077660460e-01
-6.364592534087379905e-01
-5.567921407718662286e-01
1.730913670729793130e-01
-2.735494844847476403e-01
-3.661048953322983135e-02
-2.066850342445425166e-03
4.392586597562104789e-01
-1.204327493051455811e-01
-1.052582683672103753e-01
-5.419597052366383894e-01
-8.838479038808275678e-01
6.455017218947736168e-01
-1.341080854876625927e-01
8.184468963181207313e-01
-1.665034353521163413e-01
-8.188109847770425054e-01
-9.637710289766007743e-02
2.944892070963934794e-01
7.396485727319882519e-01
1.849051079276904999e-02
-3.939368476295012633e-01
4.458634625567665655e-01
-5.878615456774102244e-01
4.853791162896240463e-01
7.333980155666066647e-01
3.781224848706511432e-01
-5.926083167772316918e-01
-4.382185873399375708e-01
9.963740943446532938e-01
6.161106864146981971e-02
-6.935433926961706019e-01
-7.113160181949641503e-01
4.147680974324460257e-01
-6.835649325399102416e-01
-1.019401983424559566e+00
-6.888004152420795778e-01
-5.717255937044661840e-01
-8.785878238727453660e-01
-8.852043453152384778e-02
5.369291924573579289e-01
6.562052536400155844e-01
-2.342187399460645691e-01
5.832323636682559265e-01
3.241577891443214177e-01
5.434344030204726339e-01
5.245885022429221944e-01
-6.086900482840730264e-01
-1.633274140621784054e-01
-7.038422788671107322e-02
-4.618509959501945206e-01
2.291664090410079624e-01
-8.135266819162339028e-03
5.041518905156128216e-01
-4.152718821867125154e-01
-3.638424908233077737e-01
-7.468686422623986854e-01
-1.003943967888019984e+00
7.509988007195266269e-01
1.266588023391977680e-01
2.402200187810991233e-02
-2.376478710315250154e-01
-8.655803179546174286e-01
-6.780909204924306932e-01
6.301070901117032941e-01
-1.869533044295283372e-02
2.450224074841918231e-01
-2.419647523043418624e-01
5.880399864758861783e-01
3.057024069683988432e-01
5.911443509789062745e-01
1.041592264983918215e-01
-7.603671117218318010e-01
-1.503065993626172270e-01
-1.172315027941208537e-01
-6.731226213930041613e-01
3.990085915531045579e-02
-5.178233575929668264e-01
3.792397581489025393e-01
-1.932203290866585099e-01
9.321766989411388593e-01
1.435463332962113592e-01
-4.535008341215443495e-01
5.385884973249757124e-01
-9.296207975867188944e-01
4.864414902452569578e-01
5.150023127406754275e-01
-7.244824843108895740e-01
9.223837058069504768e-02
-2.969874192030003690e-01
7.409489480973742437e-02
-2.356545820660464474e-01
-7.826013190940624975e-01
-5.154711494895971580e-01
-1.776052807776055120e-01
4.926666974492352469e-01
-3.337430392423770265e-01
-8.790875818488360638e-01
-6.756205983415304317e-01
-1.601719569885451666e-01
-7.705771338129543402e-01
-8.715231315718753591e-02
-6.357644503207017239e-01
-7.968472586842149930e-02
-1.176257722853389781e-01
-5.113064075523550134e-01
5.403617961698319316e-01
5.222826385705977570e-01
1.729378864605259913e-01
7.631151348017410907e-01
7.744659957151038832e-01
-1.376219884643600511e-01
-7.416536166430273136e-01
-4.732658853743630933e-01
3.319225762818962533e-01
-4.251807190964798089e-01
7.793808851020547213e-01
3.077943284910175104e-01
1.956888628930400498e-01
-1.967377587887138013e-01
-1.658664437921183732e-01
-3.800118174697870166e-01
-6.570714813685502032e-01
-6.156390321616685979e-01
-6.072733786796142841e-01
-2.446338386882660754e-01
2.996772320580980975e-01
2.136949786965518516e-01
3.624506319689214662e-01
-5.607655775856973390e-01
-1.908265807515987234e-01
-8.710905178379984015e-01
-5.952313611880214461e-01
-8.888683967916604090e-01
8.441529837247380152e-01
-1.641834076567552925e-01
1.081585784751959572e-01
2.002848805490579642e-01
-3.819018238890225514e-01
5.318802316903012972e-01
1.471353757105469950e-01
-3.162945684370421784e-01
1.052970392032939045e-01
8.022466250579673996e-01
-3.440458263877009815e-01
-1.463983745025461136e-01
8.762976938263282722e-01
-2.000449404971509915e-01
2.263822828685985167e-01
-1.073831352576459924e-01
-3.769875112434926262e-02
8.698165411951777060e-01
-7.820378319263134870e-01
4.204898219853242525e-02
-7.948696129811378963e-01
5.207076544313160582e-01
6.170142435891217136e-01
-3.294376450771494547e-01
5.364370386929048218e-01
-3.095171491637560002e-01
-6.379023215912201783e-01
-1.640520322991845525e-01
1.464784715769090195e-01
9.851684221946535244e-03
-1.846869143152481407e-01
-3.815989625455507017e-01
-9.422973454746766953e-01
3.252743196851687335e-01
2.492861978050261995e-01
3.953709367914381989e-01
-5.240540961968274125e-01
-7.304400783845458323e-01
1.947913527039685233e-01
7.439400052984991296e-01
5.058005357313637429e-01
-3.481389388716226163e-01
4.338501868484662682e-01
-3.920367112204876658e-01
-2.735756502769296494e-01
2.475389528085553403e-01
4.398162163679367742e-01
-1.795992366931727369e-01
-4.794128692151168325e-01
2.052155583125034877e-01
7.062500535717820549e-01
6.197148134752249460e-01
2.281043782245048834e-01
-2.876775141191579843e-01
4.412953809433069474e-01
6.513229269653122433e-01
-2.319425657238566862e-01
-1.918040000647575072e-01
-3.855219174997132625e-01
-3.212151269842496437e-01
-7.218947860973736752e-01
-1.029885030821349634e+00
-3.676994114330037200e-01
1.199899241448073722e-01
-8.354507046184785901e-01
1.374218885226922149e-01
3.932311450910921935e-01
7.142191365668505432e-01
6.389782514738583385e-01
4.530104251437825913e-01
-8.810288932684510188e-01
6.214643171762254115e-01
-6.771061593727351058e-01
-1.719476860611958702e-01
3.603707961134405141e-02
-2.335129535331724737e-01
-1.645346433201528569e-01
6.093462879506849061e-01
-3.731160664370270635e-02
2.423081593421994584e-01
3.531548732831534809e-01
1.387681247120843009e-01
-1.056342826674578239e+00
-3.137385438684296424e-01
5.491740213485610811e-01
-9.191051226828277354e-01
4.765473075130085001e-01
-7.477736802271713890e-01
-1.411146819641900807e-01
-1.025431763570276322e+00
1.383462544000875205e-01
-2.096131810783896376e-01
-8.638547056053536011e-01
-1.606204238897941672e-01
7.232607293363486622e-01
4.198692279172823172e-01
-1.602282643988843236e-01
-6.766434094809784527e-01
8.497101777341204976e-01
1.588981646448328067e-01
7.062868478570927255e-01
6.179312894371256082e-01
-9.602152146359749230e-01
1.873972475617524946e-01
-4.365518316588788694e-02
1.663407775884400974e-01
7.797588583457500944e-01
-3.830059621201825082e-01
-1.031728011235503617e+00
1.680380975386213671e-01
-4.621616790654082818e-01
8.621472123775593133e-01
-8.951063221078805476e-01
-1.523723173195143665e-01
-4.639680715976436387e-01
5.717694273580619102e-01
-9.690403697842560060e-01
7.425933997101971107e-01
8.472437896024350712e-01
3.291117213867364999e-01
-6.810643975688120966e-01
2.628070153785509455e-01
4.231059885532636455e-01
4.572591417122612301e-02
-8.801848842055752520e-02
-6.400896254936053742e-01
-8.837621786015681380e-01
-5.425333309055320186e-01
3.771720658918856772e-01
1.022262787095274406e-01
-1.034204907419478348e+00
